direction1,direction2,direction3,direction4,direction5,direction6,direction7,direction8
13.7984496124031,15.65891472868217,18.294573643410853,14.108527131782946,13.178294573643411,7.441860465116279,10.69767441860465,6.821705426356589
13.75,15.0,17.5,15.0,12.5,6.25,11.25,8.75
12.701612903225806,15.32258064516129,18.14516129032258,15.524193548387096,13.911290322580644,8.266129032258064,10.080645161290322,6.048387096774193
12.925170068027212,15.419501133786849,17.913832199546487,16.099773242630388,13.832199546485262,7.709750566893424,9.523809523809524,6.575963718820862
9.62962962962963,14.629629629629628,17.407407407407405,15.925925925925926,15.925925925925926,13.888888888888888,10.37037037037037,2.2222222222222223
13.68421052631579,14.736842105263158,15.789473684210526,13.68421052631579,14.736842105263158,9.473684210526315,10.526315789473683,7.368421052631579
12.10762331838565,15.919282511210763,17.937219730941706,16.143497757847534,15.695067264573991,10.08968609865471,8.968609865470853,3.1390134529147984
12.844036697247708,14.678899082568808,16.51376146788991,13.761467889908257,11.926605504587156,9.174311926605505,11.926605504587156,9.174311926605505
13.277310924369749,14.11764705882353,18.31932773109244,15.96638655462185,14.453781512605044,7.058823529411765,10.252100840336135,6.5546218487394965
18.666666666666668,18.666666666666668,18.666666666666668,17.6,16.0,1.3333333333333333,4.0,5.066666666666666
13.564668769716087,15.772870662460567,17.981072555205046,16.08832807570978,13.880126182965299,6.940063091482649,9.14826498422713,6.624605678233438
15.75091575091575,16.3003663003663,17.399267399267398,16.84981684981685,12.637362637362637,3.2967032967032965,7.692307692307692,10.073260073260073
16.761363636363637,17.045454545454547,17.613636363636367,16.47727272727273,13.06818181818182,2.272727272727273,7.1022727272727275,9.65909090909091
12.694300518134714,15.025906735751294,18.134715025906733,16.06217616580311,14.248704663212434,8.031088082901555,9.844559585492227,5.958549222797927
16.99346405228758,17.647058823529413,18.30065359477124,17.973856209150327,15.032679738562091,2.287581699346405,5.228758169934641,6.5359477124183005
13.900414937759336,16.597510373443985,18.257261410788384,12.448132780082988,11.20331950207469,7.261410788381744,11.825726141078839,8.506224066390041
18.25192802056555,18.25192802056555,18.50899742930591,17.480719794344473,15.938303341902312,1.7994858611825193,4.370179948586118,5.3984575835475574
12.62135922330097,15.857605177993527,17.79935275080906,15.857605177993527,14.239482200647249,8.737864077669903,9.385113268608414,5.501618122977346
14.669421487603307,16.528925619834713,18.181818181818183,16.115702479338843,14.462809917355372,5.991735537190083,8.057851239669422,5.991735537190083
11.470113085621971,13.893376413570275,18.416801292407108,14.539579967689823,13.893376413570275,9.854604200323102,12.116316639741518,5.815831987075929
13.559322033898304,16.10169491525424,18.07909604519774,14.124293785310735,12.429378531073446,7.344632768361582,10.73446327683616,7.627118644067797
17.467248908296945,17.90393013100437,17.90393013100437,16.157205240174672,14.847161572052402,3.056768558951965,6.11353711790393,6.550218340611354
13.053613053613052,15.15151515151515,18.414918414918414,13.752913752913752,12.354312354312354,7.692307692307692,11.888111888111888,7.692307692307692
14.782608695652174,16.08695652173913,18.043478260869566,15.869565217391305,14.130434782608695,5.6521739130434785,8.478260869565217,6.956521739130435
12.688172043010752,14.838709677419356,18.06451612903226,13.763440860215054,12.473118279569892,8.387096774193548,12.043010752688172,7.741935483870968
13.35149863760218,14.986376021798367,17.983651226158038,15.53133514986376,13.896457765667577,7.3569482288828345,10.08174386920981,6.811989100817439
10.50903119868637,14.942528735632184,17.569786535303777,14.44991789819376,13.957307060755337,12.151067323481117,11.658456486042693,4.761904761904762
14.285714285714285,16.666666666666668,16.666666666666668,13.095238095238095,13.095238095238095,8.333333333333334,10.714285714285714,7.142857142857142
11.854684512428298,12.810707456978967,18.164435946462714,16.252390057361378,15.48757170172084,8.98661567877629,11.089866156787762,5.353728489483747
18.333333333333332,18.333333333333332,18.666666666666664,17.0,15.0,1.0,5.0,6.666666666666666
12.332439678284183,15.281501340482574,17.962466487935657,15.549597855227884,13.941018766756033,8.847184986595174,10.187667560321715,5.898123324396783
15.334773218142548,15.982721382289416,17.92656587473002,16.414686825053995,12.958963282937365,3.67170626349892,8.423326133909287,9.287257019438444
17.44186046511628,18.313953488372093,18.6046511627907,16.27906976744186,14.24418604651163,2.3255813953488373,6.104651162790698,6.686046511627907
13.390313390313391,16.524216524216524,17.94871794871795,14.52991452991453,13.105413105413106,7.977207977207978,9.971509971509972,6.552706552706553
15.680473372781066,15.976331360946746,16.86390532544379,13.905325443786984,11.538461538461538,5.029585798816568,10.059171597633137,10.946745562130179
14.768683274021353,16.370106761565836,17.971530249110323,15.658362989323845,12.98932384341637,5.338078291814947,8.896797153024911,8.007117437722421
18.032786885245905,17.759562841530055,18.032786885245905,16.939890710382514,15.027322404371587,1.912568306010929,5.191256830601094,7.103825136612023
15.848214285714286,16.964285714285715,17.857142857142858,15.401785714285715,12.946428571428573,4.241071428571429,8.258928571428571,8.482142857142858
12.75,15.5,18.0,15.25,13.5,8.25,10.25,6.5
18.491484184914842,18.734793187347933,19.221411192214113,13.868613138686133,12.408759124087592,0.9732360097323601,7.785888077858881,8.51581508515815
12.418300653594772,15.359477124183007,17.647058823529413,16.33986928104575,14.052287581699346,8.49673202614379,9.477124183006536,6.209150326797386
15.555555555555555,15.11111111111111,18.666666666666664,16.88888888888889,15.555555555555555,4.444444444444445,8.0,5.777777777777778
13.803680981595093,16.87116564417178,17.791411042944787,14.723926380368098,12.883435582822086,7.361963190184049,9.50920245398773,7.0552147239263805
18.5,18.0,18.5,17.0,14.5,1.0,5.5,7.0
12.912087912087912,15.109890109890111,18.131868131868135,14.285714285714286,12.637362637362639,7.967032967032968,11.53846153846154,7.417582417582418
10.201342281879194,13.288590604026846,17.71812080536913,14.76510067114094,13.95973154362416,11.812080536912752,12.61744966442953,5.6375838926174495
12.871287128712872,13.861386138613861,16.831683168316832,13.861386138613861,13.861386138613861,8.910891089108912,11.881188118811881,7.920792079207921
13.871635610766047,15.942028985507248,18.012422360248447,14.906832298136647,12.422360248447205,6.418219461697723,10.144927536231885,8.281573498964804
17.741935483870968,17.741935483870968,18.279569892473116,16.129032258064516,13.978494623655912,2.150537634408602,6.451612903225806,7.526881720430107
15.086206896551722,16.594827586206897,18.534482758620687,14.439655172413792,12.71551724137931,5.172413793103448,9.698275862068964,7.758620689655172
18.42105263157895,18.75,18.75,17.10526315789474,14.80263157894737,0.986842105263158,4.934210526315789,6.25
11.538461538461537,14.102564102564102,17.94871794871795,15.897435897435896,13.846153846153845,9.23076923076923,11.025641025641026,6.41025641025641
12.609457092819614,14.8861646234676,18.038528896672503,14.360770577933451,12.959719789842381,8.40630472854641,11.38353765323993,7.355516637478108
12.78409090909091,15.340909090909092,18.181818181818183,14.772727272727273,13.352272727272728,8.238636363636365,10.795454545454547,6.53409090909091
17.883211678832115,17.883211678832115,18.613138686131386,17.883211678832115,15.328467153284672,1.4598540145985401,4.744525547445256,6.204379562043796
13.06818181818182,15.340909090909092,18.181818181818183,14.772727272727273,13.06818181818182,7.670454545454546,10.795454545454547,7.1022727272727275
13.380281690140846,15.492957746478874,18.309859154929576,13.380281690140846,11.737089201877934,7.276995305164319,11.971830985915494,8.450704225352112
17.77777777777778,18.22222222222222,18.666666666666664,16.0,14.666666666666666,2.2222222222222223,6.222222222222221,6.222222222222221
13.073394495412845,17.431192660550458,17.201834862385322,15.366972477064222,14.908256880733946,9.862385321100918,8.027522935779817,4.128440366972478
10.869565217391305,13.043478260869565,17.391304347826086,16.304347826086957,14.130434782608695,9.782608695652174,11.956521739130434,6.521739130434782
11.383928571428571,12.276785714285715,18.75,17.857142857142858,16.74107142857143,8.928571428571429,10.267857142857144,3.794642857142857
18.208955223880594,18.208955223880594,18.208955223880594,16.417910447761194,15.522388059701491,2.6865671641791042,5.074626865671641,5.671641791044776
14.285714285714285,16.483516483516482,17.94871794871795,16.117216117216117,13.919413919413918,6.227106227106226,8.424908424908425,6.593406593406593
15.226337448559672,16.049382716049383,17.48971193415638,17.283950617283953,13.786008230452675,4.320987654320988,7.407407407407407,8.436213991769547
18.072289156626507,18.072289156626507,18.373493975903617,17.7710843373494,17.168674698795183,2.7108433734939763,3.91566265060241,3.91566265060241
12.944983818770226,15.210355987055015,18.122977346278315,14.88673139158576,13.592233009708737,8.090614886731391,10.679611650485436,6.472491909385113
14.663951120162935,16.70061099796334,17.922606924643585,15.071283095723015,13.238289205702648,6.109979633401222,8.961303462321792,7.331975560081467
15.75492341356674,16.411378555798688,18.599562363238512,15.317286652078774,12.910284463894968,3.719912472647702,8.971553610503282,8.315098468271335
13.35149863760218,14.986376021798367,18.25613079019074,15.80381471389646,13.623978201634879,6.811989100817439,10.08174386920981,7.084468664850137
17.5,18.125,17.8125,16.25,13.4375,2.1875,6.25,8.4375
13.385826771653543,16.010498687664043,18.11023622047244,14.960629921259843,13.385826771653543,7.611548556430446,9.973753280839896,6.561679790026247
16.25,16.25,18.333333333333336,17.083333333333336,15.0,3.75,7.083333333333334,6.25
15.643564356435645,16.831683168316832,18.415841584158418,14.257425742574258,11.881188118811881,4.158415841584159,9.702970297029703,9.10891089108911
15.47085201793722,16.81614349775785,18.161434977578477,16.143497757847534,13.67713004484305,4.4843049327354265,7.8475336322869955,7.399103139013453
18.484848484848484,18.181818181818183,18.78787878787879,16.96969696969697,14.84848484848485,1.2121212121212122,5.151515151515151,6.363636363636364
17.786561264822133,18.18181818181818,18.57707509881423,18.18181818181818,15.810276679841897,1.5810276679841897,4.3478260869565215,5.533596837944664
13.259668508287294,16.022099447513813,17.679558011049725,16.022099447513813,13.535911602209946,7.458563535911603,9.116022099447514,6.906077348066299
16.9811320754717,17.735849056603776,17.735849056603776,14.716981132075473,12.075471698113208,3.018867924528302,8.30188679245283,9.433962264150944
14.336283185840708,16.46017699115044,18.23008849557522,15.221238938053098,13.805309734513274,6.548672566371681,9.026548672566372,6.371681415929204
16.87344913151365,16.87344913151365,17.61786600496278,16.87344913151365,14.1439205955335,2.977667493796526,6.451612903225807,8.188585607940446
17.431192660550458,17.889908256880734,17.431192660550458,16.055045871559635,13.761467889908257,2.7522935779816518,6.422018348623854,8.256880733944955
12.921348314606742,15.730337078651687,17.97752808988764,15.168539325842698,13.483146067415731,8.146067415730338,10.112359550561798,6.460674157303371
17.012448132780083,17.427385892116185,17.012448132780083,16.182572614107883,14.107883817427387,3.7344398340248963,6.639004149377594,7.8838174273858925
14.583333333333334,15.833333333333334,17.916666666666668,16.666666666666668,13.333333333333334,4.791666666666667,8.541666666666668,8.333333333333334
15.848214285714286,16.964285714285715,17.633928571428573,14.955357142857144,12.276785714285715,4.241071428571429,8.705357142857144,9.375
15.561959654178674,16.138328530259365,17.29106628242075,14.697406340057636,11.239193083573488,3.7463976945244957,9.798270893371757,11.527377521613833
14.539007092198583,14.539007092198583,16.666666666666668,16.31205673758865,14.184397163120568,6.73758865248227,8.865248226950355,8.156028368794326
13.135593220338983,13.559322033898304,17.796610169491526,17.372881355932204,16.101694915254235,7.627118644067796,8.898305084745763,5.508474576271186
13.968253968253968,16.507936507936506,17.77777777777778,14.285714285714285,12.38095238095238,6.984126984126984,10.158730158730158,7.936507936507936
17.883211678832115,18.248175182481752,18.248175182481752,17.883211678832115,15.693430656934307,1.8248175182481752,4.37956204379562,5.839416058394161
12.9979035639413,15.51362683438155,17.61006289308176,14.884696016771487,13.417190775681341,8.385744234800839,10.272536687631026,6.918238993710691
14.022988505747126,16.091954022988507,18.160919540229884,14.25287356321839,12.183908045977011,6.436781609195402,10.574712643678161,8.275862068965518
15.625,15.625,17.96875,16.40625,14.84375,4.6875,8.203125,6.640625
16.241299303944317,17.16937354988399,18.79350348027842,13.689095127610209,12.064965197215777,3.7122969837587005,9.744779582366588,8.584686774941995
17.682926829268293,18.29268292682927,17.98780487804878,16.76829268292683,14.634146341463413,2.4390243902439024,5.48780487804878,6.7073170731707314
13.024282560706402,15.231788079470197,18.322295805739515,13.68653421633554,12.141280353200882,7.726269315673289,11.920529801324502,7.947019867549669
16.205533596837945,16.205533596837945,17.786561264822133,16.99604743083004,15.019762845849803,3.952569169960474,7.1146245059288535,6.719367588932807
18.218623481781375,18.218623481781375,18.62348178137652,17.813765182186234,16.59919028340081,2.0242914979757085,4.048582995951417,4.4534412955465585
15.903614457831326,16.3855421686747,16.626506024096386,15.903614457831326,11.325301204819278,3.1325301204819276,8.433734939759036,12.289156626506024
13.580246913580247,15.432098765432098,18.209876543209877,15.123456790123456,13.271604938271604,6.790123456790123,10.185185185185185,7.4074074074074066
15.384615384615385,16.289592760180994,17.420814479638008,16.742081447963802,12.217194570135746,3.3936651583710407,8.144796380090497,10.407239819004525
12.962962962962964,14.814814814814815,16.666666666666668,13.88888888888889,13.88888888888889,9.25925925925926,11.11111111111111,7.407407407407407
11.003236245954692,13.106796116504853,18.284789644012942,15.533980582524272,14.563106796116504,10.194174757281553,11.974110032362459,5.339805825242718
14.285714285714285,16.883116883116884,18.18181818181818,11.688311688311689,12.987012987012987,7.792207792207792,11.688311688311689,6.4935064935064934
13.541666666666668,16.40625,17.708333333333336,15.104166666666668,12.760416666666668,7.291666666666667,9.635416666666668,7.552083333333334
13.131313131313131,14.141414141414142,16.161616161616163,15.151515151515152,13.131313131313131,8.080808080808081,11.111111111111112,9.090909090909092
12.345679012345679,12.757201646090536,18.930041152263374,16.872427983539094,15.4320987654321,7.613168724279836,10.699588477366255,5.349794238683128
17.64705882352941,17.301038062283737,16.955017301038062,15.570934256055363,11.07266435986159,1.3840830449826989,7.612456747404844,12.45674740484429
12.979351032448378,14.749262536873156,17.699115044247787,16.224188790560472,14.15929203539823,7.669616519174041,9.734513274336283,6.784660766961652
17.843866171003718,17.472118959107807,17.100371747211895,14.49814126394052,13.382899628252787,3.7174721189591073,7.434944237918215,8.550185873605948
13.764044943820226,16.292134831460675,17.97752808988764,15.449438202247192,13.483146067415731,7.02247191011236,9.269662921348315,6.741573033707866
15.412186379928315,16.129032258064516,18.27956989247312,16.487455197132615,14.336917562724015,5.017921146953405,7.885304659498208,6.451612903225806
17.90633608815427,18.732782369146005,19.00826446280992,15.426997245179063,14.325068870523417,2.203856749311295,6.336088154269973,6.0606060606060606
13.698630136986301,15.068493150684931,17.80821917808219,15.068493150684931,13.698630136986301,6.8493150684931505,10.95890410958904,6.8493150684931505
17.50663129973475,18.30238726790451,19.09814323607427,14.854111405835546,13.262599469496022,2.1220159151193636,7.427055702917773,7.427055702917773
13.666666666666666,16.333333333333332,18.0,14.333333333333332,12.666666666666666,7.333333333333333,10.333333333333332,7.333333333333333
14.285714285714286,15.178571428571429,17.41071428571429,16.071428571428573,14.732142857142858,6.696428571428572,8.928571428571429,6.696428571428572
13.53135313531353,16.17161716171617,17.821782178217823,14.521452145214521,12.871287128712872,7.590759075907591,10.231023102310232,7.260726072607261
14.760147601476014,15.498154981549815,17.71217712177122,15.867158671586715,14.022140221402214,6.273062730627307,8.85608856088561,7.011070110701107
12.461059190031152,16.510903426791277,17.75700934579439,14.953271028037381,14.018691588785046,9.657320872274143,9.657320872274143,4.984423676012461
13.001912045889101,15.678776290630974,18.164435946462714,16.44359464627151,14.913957934990439,8.030592734225621,8.795411089866157,4.97131931166348
12.38095238095238,14.285714285714285,16.19047619047619,15.238095238095237,14.285714285714285,9.523809523809524,10.476190476190476,7.619047619047619
14.325842696629215,16.57303370786517,17.97752808988764,15.168539325842698,12.921348314606742,6.179775280898877,9.269662921348315,7.584269662921349
13.414634146341463,14.634146341463413,15.853658536585366,15.853658536585366,14.634146341463413,8.536585365853659,9.75609756097561,7.317073170731707
15.879828326180258,16.738197424892704,18.454935622317596,14.377682403433477,12.01716738197425,3.648068669527897,9.656652360515022,9.227467811158798
16.24203821656051,17.51592356687898,17.8343949044586,14.64968152866242,11.78343949044586,3.821656050955414,8.598726114649681,9.554140127388534
16.883116883116884,17.748917748917748,18.18181818181818,18.18181818181818,17.316017316017316,3.896103896103896,4.329004329004329,3.463203463203463
17.56756756756757,17.56756756756757,17.56756756756757,14.864864864864865,14.414414414414415,4.054054054054054,6.756756756756757,7.207207207207207
12.933025404157043,15.011547344110854,18.244803695150114,14.087759815242494,12.240184757505773,7.621247113163972,11.778290993071593,8.083140877598153
15.301724137931034,16.379310344827584,17.456896551724135,16.163793103448274,12.5,4.094827586206896,8.405172413793103,9.698275862068964
17.83783783783784,18.64864864864865,18.91891891891892,14.324324324324325,12.972972972972974,2.1621621621621623,7.567567567567568,7.567567567567568
14.102564102564104,14.102564102564104,15.384615384615387,15.384615384615387,14.102564102564104,7.692307692307693,10.256410256410257,8.974358974358974
17.19298245614035,18.24561403508772,18.94736842105263,18.24561403508772,17.543859649122805,3.508771929824561,3.859649122807017,2.4561403508771926
12.16931216931217,15.079365079365079,17.989417989417987,15.608465608465607,14.02116402116402,8.994708994708994,10.317460317460316,5.82010582010582
11.74698795180723,14.156626506024098,18.072289156626507,16.566265060240966,14.759036144578314,9.036144578313253,10.240963855421688,5.421686746987953
15.625,16.015625,17.1875,16.796875,13.28125,3.515625,7.8125,9.765625
13.548387096774194,15.913978494623656,18.27956989247312,13.118279569892474,11.612903225806452,7.311827956989247,11.827956989247312,8.387096774193548
12.020460358056267,15.601023017902815,17.902813299232736,16.36828644501279,15.34526854219949,9.974424552429667,8.951406649616368,3.8363171355498724
12.857142857142858,15.714285714285715,17.142857142857142,15.714285714285715,14.285714285714286,8.571428571428571,10.0,5.714285714285714
12.423625254582486,13.034623217922608,19.14460285132383,15.682281059063138,15.274949083503056,7.942973523421589,11.405295315682281,5.091649694501019
18.333333333333332,18.333333333333332,17.666666666666664,16.666666666666664,16.0,3.0,4.666666666666666,5.333333333333333
15.909090909090908,16.818181818181817,17.727272727272727,15.454545454545453,15.0,5.454545454545454,7.727272727272727,5.909090909090909
12.072072072072071,14.234234234234233,18.37837837837838,13.513513513513512,12.612612612612612,9.00900900900901,12.792792792792792,7.387387387387387
15.359477124183007,16.666666666666668,17.320261437908496,16.33986928104575,15.359477124183007,5.882352941176471,7.189542483660131,5.882352941176471
12.627291242362526,14.256619144602853,18.533604887983707,13.849287169042771,12.830957230142568,8.14663951120163,12.423625254582486,7.331975560081467
13.066666666666666,16.266666666666666,17.866666666666667,15.466666666666667,13.866666666666667,8.266666666666666,9.333333333333334,5.866666666666666
12.372881355932202,14.576271186440678,18.305084745762713,13.898305084745761,12.711864406779661,8.64406779661017,12.203389830508474,7.288135593220339
16.222760290556902,17.433414043583536,18.159806295399516,14.76997578692494,13.075060532687651,4.116222760290557,8.232445520581114,7.990314769975787
17.44186046511628,17.829457364341085,18.217054263565892,17.054263565891475,15.891472868217056,3.10077519379845,5.038759689922481,5.426356589147288
13.651877133105803,15.699658703071673,18.088737201365188,15.699658703071673,13.651877133105803,6.825938566552901,9.556313993174061,6.825938566552901
14.285714285714286,15.057915057915059,16.98841698841699,15.83011583011583,14.671814671814673,7.335907335907336,8.880308880308881,6.94980694980695
12.882447665056361,14.492753623188404,18.51851851851852,14.814814814814815,13.20450885668277,7.568438003220612,11.43317230273752,7.085346215780998
14.219114219114218,16.55011655011655,18.414918414918414,12.82051282051282,11.655011655011654,6.75990675990676,11.421911421911421,8.158508158508159
17.708333333333336,18.489583333333336,18.489583333333336,14.843750000000002,14.062500000000002,2.8645833333333335,6.770833333333334,6.770833333333334
13.0,15.666666666666666,18.0,16.0,14.333333333333332,8.0,9.333333333333332,5.666666666666666
14.93212669683258,15.83710407239819,17.647058823529413,16.289592760180994,14.93212669683258,5.882352941176471,8.144796380090497,6.334841628959276
11.143695014662757,13.782991202346041,17.595307917888565,16.422287390029325,14.95601173020528,10.263929618768328,10.557184750733139,5.2785923753665696
12.167300380228136,14.068441064638783,17.110266159695815,17.490494296577946,16.349809885931556,9.505703422053232,8.745247148288973,4.562737642585551
12.468827930174564,15.211970074812967,17.705735660847882,13.965087281795512,12.967581047381547,9.226932668329177,11.471321695760599,6.982543640897756
13.131313131313131,14.141414141414142,16.161616161616163,15.151515151515152,13.131313131313131,8.080808080808081,11.111111111111112,9.090909090909092
