target_names,horizontal_w_to_b,horizontal_b_to_w,vertical_w_to_b,vertical_b_to_w,target
m,38.57142857142857,23.571428571428573,14.285714285714286,23.571428571428573,13
m,25.827814569536425,24.50331125827815,23.841059602649008,25.827814569536425,13
m,31.25,20.673076923076923,26.442307692307693,21.634615384615387,13
m,43.262411347517734,15.602836879432624,26.24113475177305,14.893617021276595,13
m,55.28455284552845,8.130081300813007,21.95121951219512,14.634146341463413,13
m,25.0,25.0,25.0,25.0,13
m,31.976744186046513,22.674418604651166,22.674418604651166,22.674418604651166,13
m,37.9746835443038,22.78481012658228,20.253164556962027,18.9873417721519,13
m,25.86206896551724,25.86206896551724,24.137931034482758,24.137931034482758,13
m,31.81818181818182,15.90909090909091,23.863636363636367,28.40909090909091,13
m,60.0,11.428571428571429,14.285714285714286,14.285714285714286,13
m,44.23076923076923,15.384615384615385,20.192307692307693,20.192307692307693,13
m,36.89320388349515,27.184466019417478,17.475728155339805,18.446601941747574,13
m,37.5,29.166666666666668,14.583333333333334,18.75,13
m,38.34586466165413,27.819548872180448,15.037593984962406,18.796992481203006,13
m,35.77981651376147,29.357798165137616,19.26605504587156,15.59633027522936,13
m,45.614035087719294,23.684210526315788,15.789473684210526,14.912280701754385,13
m,38.216560509554135,29.29936305732484,18.471337579617835,14.012738853503183,13
m,35.53719008264463,22.31404958677686,22.31404958677686,19.834710743801654,13
m,26.81159420289855,24.63768115942029,25.36231884057971,23.18840579710145,13
m,48.64864864864865,15.315315315315315,25.225225225225227,10.81081081081081,13
m,44.54545454545455,17.272727272727273,24.545454545454543,13.636363636363637,13
m,33.97435897435898,30.12820512820513,18.58974358974359,17.30769230769231,13
m,13.23529411764706,13.23529411764706,36.76470588235294,36.76470588235294,13
m,26.5625,25.0,25.0,23.4375,13
m,39.583333333333336,39.583333333333336,10.416666666666668,10.416666666666668,13
m,26.720647773279353,21.45748987854251,25.910931174089068,25.910931174089068,13
m,38.0,21.0,26.0,15.0,13
m,33.07086614173229,32.28346456692913,17.322834645669293,17.322834645669293,13
m,39.0625,17.96875,17.96875,25.0,13
m,37.234042553191486,35.1063829787234,13.829787234042552,13.829787234042552,13
m,32.407407407407405,31.48148148148148,18.51851851851852,17.59259259259259,13
m,38.96103896103896,23.376623376623378,14.285714285714285,23.376623376623378,13
m,32.911392405063296,31.645569620253166,18.354430379746837,17.08860759493671,13
m,44.339622641509436,20.754716981132077,19.81132075471698,15.09433962264151,13
m,31.18811881188119,28.712871287128714,21.287128712871286,18.81188118811881,13
m,35.632183908045974,27.586206896551722,17.816091954022987,18.96551724137931,13
m,36.690647482014384,29.49640287769784,17.985611510791365,15.827338129496402,13
m,33.08270676691729,24.81203007518797,18.796992481203006,23.308270676691727,13
m,31.42857142857143,22.857142857142858,25.714285714285715,20.0,13
m,30.555555555555554,27.083333333333332,22.22222222222222,20.13888888888889,13
m,25.0,25.0,25.0,25.0,13
m,48.22695035460993,19.858156028368796,20.56737588652482,11.347517730496454,13
m,30.58823529411765,28.235294117647058,21.176470588235293,20.0,13
m,37.878787878787875,37.878787878787875,12.121212121212121,12.121212121212121,13
m,31.884057971014492,26.81159420289855,21.73913043478261,19.565217391304348,13
m,29.80132450331126,25.165562913907287,24.50331125827815,20.529801324503314,13
m,34.54545454545455,31.818181818181817,18.18181818181818,15.454545454545453,13
m,30.08849557522124,28.31858407079646,18.58407079646018,23.008849557522126,13
m,31.034482758620687,22.988505747126435,24.137931034482758,21.839080459770113,13
m,27.44360902255639,26.31578947368421,23.308270676691727,22.932330827067666,13
m,43.03030303030303,23.636363636363637,20.0,13.333333333333334,13
m,33.333333333333336,27.536231884057973,21.73913043478261,17.391304347826086,13
m,38.23529411764706,29.411764705882355,17.647058823529413,14.705882352941178,13
m,35.38461538461538,25.64102564102564,20.51282051282051,18.46153846153846,13
m,35.41666666666667,25.0,17.708333333333336,21.875,13
m,43.20987654320987,13.580246913580247,11.11111111111111,32.098765432098766,13
m,31.067961165048544,26.21359223300971,23.300970873786408,19.41747572815534,13
m,40.50632911392405,25.31645569620253,20.253164556962027,13.924050632911394,13
m,39.34426229508197,33.60655737704918,13.934426229508198,13.114754098360656,13
m,38.23529411764706,36.76470588235294,13.23529411764706,11.764705882352942,13
m,29.166666666666668,27.083333333333336,22.916666666666668,20.833333333333336,13
m,29.86111111111111,24.305555555555554,25.0,20.833333333333332,13
m,28.57142857142857,28.57142857142857,21.428571428571427,21.428571428571427,13
m,29.310344827586206,26.72413793103448,22.413793103448274,21.551724137931032,13
m,39.04109589041096,30.136986301369863,19.17808219178082,11.643835616438356,13
m,33.5195530726257,29.050279329608937,18.435754189944134,18.994413407821227,13
m,32.926829268292686,19.51219512195122,24.390243902439025,23.170731707317074,13
m,31.868131868131872,30.769230769230774,18.681318681318682,18.681318681318682,13
m,25.0,25.0,25.0,25.0,13
m,33.33333333333333,20.0,29.333333333333332,17.333333333333332,13
m,33.333333333333336,33.333333333333336,16.666666666666668,16.666666666666668,13
m,30.952380952380953,29.166666666666668,20.238095238095237,19.642857142857142,13
m,38.095238095238095,27.619047619047617,17.142857142857142,17.142857142857142,13
m,23.076923076923077,23.076923076923077,26.923076923076923,26.923076923076923,13
m,40.666666666666664,18.0,22.0,19.333333333333332,13
m,31.666666666666668,30.0,20.0,18.333333333333336,13
m,48.484848484848484,27.272727272727273,10.101010101010102,14.141414141414142,13
m,52.577319587628864,8.24742268041237,24.74226804123711,14.432989690721648,13
m,36.55913978494623,20.43010752688172,23.655913978494624,19.354838709677416,13
m,31.884057971014492,29.71014492753623,20.28985507246377,18.115942028985508,13
m,39.50617283950617,24.691358024691358,20.37037037037037,15.432098765432098,13
m,27.659574468085104,25.53191489361702,25.53191489361702,21.27659574468085,13
m,24.096385542168676,20.481927710843376,25.30120481927711,30.120481927710845,13
m,27.45098039215686,23.52941176470588,27.45098039215686,21.56862745098039,13
m,30.92783505154639,18.556701030927833,24.74226804123711,25.773195876288657,13
m,27.083333333333336,27.083333333333336,22.916666666666668,22.916666666666668,13
m,41.66666666666667,41.66666666666667,8.333333333333334,8.333333333333334,13
m,46.96969696969697,14.393939393939394,19.696969696969695,18.939393939393938,13
m,31.12582781456954,27.152317880794705,21.85430463576159,19.867549668874172,13
m,40.0,27.407407407407405,13.333333333333332,19.25925925925926,13
m,35.08771929824561,25.43859649122807,14.035087719298245,25.43859649122807,13
m,34.69387755102041,31.29251700680272,18.36734693877551,15.64625850340136,13
m,36.36363636363637,27.272727272727273,20.202020202020204,16.161616161616163,13
m,37.89473684210526,36.84210526315789,12.631578947368421,12.631578947368421,13
m,16.666666666666668,10.0,31.666666666666668,41.66666666666667,13
m,37.5,32.5,17.5,12.5,13
m,29.032258064516128,24.193548387096772,24.193548387096772,22.58064516129032,13
m,42.5,22.5,22.5,12.5,13
m,53.03030303030303,13.636363636363637,13.636363636363637,19.696969696969695,13
m,27.142857142857142,25.714285714285715,24.285714285714285,22.857142857142858,13
m,30.113636363636367,25.56818181818182,23.295454545454547,21.022727272727273,13
m,41.74757281553398,33.980582524271846,11.650485436893204,12.62135922330097,13
m,33.87096774193548,25.806451612903224,21.774193548387096,18.548387096774192,13
m,29.1044776119403,26.865671641791046,22.388059701492537,21.64179104477612,13
m,32.29813664596273,26.08695652173913,21.11801242236025,20.496894409937887,13
m,37.5,25.892857142857146,18.75,17.857142857142858,13
m,29.20353982300885,26.548672566371682,23.008849557522126,21.238938053097346,13
m,32.467532467532465,26.623376623376622,20.12987012987013,20.77922077922078,13
m,30.70175438596491,28.07017543859649,21.052631578947366,20.175438596491226,13
m,36.97478991596639,24.369747899159663,21.84873949579832,16.80672268907563,13
m,34.61538461538461,34.61538461538461,15.384615384615385,15.384615384615385,13
m,32.06106870229008,30.53435114503817,19.083969465648856,18.320610687022903,13
m,32.098765432098766,27.160493827160494,22.22222222222222,18.51851851851852,13
m,31.40495867768595,28.09917355371901,19.834710743801654,20.66115702479339,13
m,28.0,28.0,22.0,22.0,13
m,41.57303370786517,16.853932584269664,16.853932584269664,24.719101123595507,13
m,34.09090909090909,22.72727272727273,23.863636363636367,19.31818181818182,13
m,20.0,20.0,30.0,30.0,13
m,29.032258064516128,19.354838709677416,31.18279569892473,20.43010752688172,13
m,26.11940298507463,24.62686567164179,25.373134328358212,23.880597014925375,13
m,29.281767955801108,26.51933701657459,23.204419889502763,20.994475138121548,13
m,46.715328467153284,29.197080291970803,13.86861313868613,10.21897810218978,13
m,32.33082706766917,28.57142857142857,20.30075187969925,18.796992481203006,13
m,31.372549019607842,25.49019607843137,23.52941176470588,19.6078431372549,13
m,49.01960784313725,18.627450980392155,13.72549019607843,18.627450980392155,13
m,35.33333333333333,22.666666666666664,24.666666666666664,17.333333333333332,13
m,33.057851239669425,20.66115702479339,24.793388429752067,21.487603305785125,13
m,45.945945945945944,22.972972972972972,14.864864864864865,16.216216216216218,13
m,34.61538461538461,34.61538461538461,15.384615384615385,15.384615384615385,13
m,36.36363636363637,36.36363636363637,13.636363636363637,13.636363636363637,13
m,32.28346456692913,27.559055118110237,22.04724409448819,18.11023622047244,13
m,39.23076923076923,30.0,16.153846153846153,14.615384615384617,13
m,33.333333333333336,29.62962962962963,18.51851851851852,18.51851851851852,13
m,46.902654867256636,18.58407079646018,20.353982300884958,14.15929203539823,13
m,33.78378378378378,25.675675675675674,22.972972972972972,17.56756756756757,13
m,47.11538461538461,7.6923076923076925,20.192307692307693,25.0,13
m,25.0,25.0,25.0,25.0,13
m,28.865979381443296,23.711340206185564,23.711340206185564,23.711340206185564,13
m,42.857142857142854,28.57142857142857,14.285714285714285,14.285714285714285,13
m,41.566265060240966,31.32530120481928,15.66265060240964,11.44578313253012,13
m,36.627906976744185,23.255813953488374,20.348837209302328,19.767441860465116,13
m,27.397260273972602,20.54794520547945,28.767123287671232,23.28767123287671,13
m,29.032258064516128,29.032258064516128,20.96774193548387,20.96774193548387,13
m,21.1864406779661,14.406779661016948,32.20338983050847,32.20338983050847,13
m,35.59322033898305,24.576271186440678,20.338983050847457,19.491525423728813,13
m,29.41176470588235,24.509803921568626,25.49019607843137,20.588235294117645,13
m,27.272727272727273,21.21212121212121,28.78787878787879,22.727272727272727,13
m,35.714285714285715,31.818181818181817,16.883116883116884,15.584415584415584,13
m,35.714285714285715,28.571428571428573,21.42857142857143,14.285714285714286,13
m,30.4635761589404,27.814569536423843,21.85430463576159,19.867549668874172,13
m,52.63157894736842,7.017543859649122,15.789473684210526,24.561403508771928,13
m,44.82758620689655,12.93103448275862,29.310344827586206,12.93103448275862,13
m,50.549450549450555,10.989010989010989,20.87912087912088,17.582417582417584,13
m,30.53892215568862,28.143712574850298,21.556886227544908,19.760479041916167,13
m,30.120481927710845,24.096385542168676,24.096385542168676,21.68674698795181,13
m,38.18181818181818,34.54545454545455,14.545454545454545,12.727272727272727,13
m,30.92783505154639,25.773195876288657,22.680412371134018,20.618556701030926,13
m,67.74193548387096,12.903225806451612,6.451612903225806,12.903225806451612,13
m,32.638888888888886,27.77777777777778,20.833333333333332,18.75,13
m,32.63157894736842,24.210526315789473,25.263157894736842,17.894736842105264,13
m,27.77777777777778,27.77777777777778,22.22222222222222,22.22222222222222,13
m,27.586206896551722,25.86206896551724,24.137931034482758,22.413793103448274,13
m,31.81818181818182,31.81818181818182,18.181818181818183,18.181818181818183,13
m,37.414965986394556,24.489795918367346,23.12925170068027,14.965986394557822,13
m,57.28155339805825,7.766990291262136,14.563106796116505,20.388349514563107,13
m,38.04347826086956,18.478260869565215,25.0,18.478260869565215,13
m,34.17721518987342,29.113924050632914,17.721518987341774,18.9873417721519,13
m,34.4,22.400000000000002,25.6,17.6,13
m,33.57664233576642,29.927007299270073,18.978102189781023,17.51824817518248,13
m,48.80952380952381,14.285714285714285,11.904761904761905,25.0,13
m,25.0,25.0,25.0,25.0,13
m,34.146341463414636,30.48780487804878,19.51219512195122,15.853658536585366,13
m,37.2093023255814,22.093023255813954,24.41860465116279,16.27906976744186,13
m,45.19230769230769,15.384615384615385,16.346153846153847,23.076923076923077,13
m,30.0,30.0,20.0,20.0,13
m,39.682539682539684,19.047619047619047,25.396825396825395,15.873015873015872,13
m,43.54838709677419,43.54838709677419,6.451612903225806,6.451612903225806,13
m,38.46153846153846,15.384615384615385,23.076923076923077,23.076923076923077,13
m,31.132075471698112,26.41509433962264,21.69811320754717,20.754716981132077,13
m,38.21138211382114,23.577235772357724,21.13821138211382,17.073170731707318,13
m,52.85714285714286,13.571428571428571,15.714285714285715,17.857142857142858,13
m,57.29166666666667,4.166666666666667,21.875,16.666666666666668,13
m,29.213483146067418,24.719101123595507,24.15730337078652,21.910112359550563,13
m,36.22047244094488,33.85826771653544,14.960629921259843,14.960629921259843,13
m,35.8974358974359,26.923076923076927,23.07692307692308,14.102564102564104,13
m,33.9622641509434,29.245283018867926,19.81132075471698,16.9811320754717,13
m,43.884892086330936,23.741007194244602,18.70503597122302,13.66906474820144,13
m,33.33333333333333,27.777777777777775,19.1358024691358,19.753086419753085,13
m,36.734693877551024,28.571428571428573,16.3265306122449,18.367346938775512,13
m,28.07017543859649,26.31578947368421,22.807017543859647,22.807017543859647,13
m,32.911392405063296,25.31645569620253,21.518987341772153,20.253164556962027,13
m,28.75,22.5,30.0,18.75,13
m,22.429906542056074,20.093457943925234,28.97196261682243,28.50467289719626,13
m,30.120481927710845,16.867469879518072,30.120481927710845,22.89156626506024,13
m,36.86440677966102,19.491525423728813,24.152542372881356,19.491525423728813,13
m,25.373134328358212,20.895522388059703,26.865671641791046,26.865671641791046,13
m,39.83739837398374,26.829268292682926,16.260162601626014,17.073170731707318,13
m,49.24242424242424,12.121212121212121,32.57575757575758,6.0606060606060606,13
m,46.0431654676259,16.546762589928058,18.70503597122302,18.70503597122302,13
m,48.18181818181818,7.2727272727272725,9.09090909090909,35.45454545454545,13
m,35.0,15.0,25.0,25.0,13
m,33.333333333333336,28.8135593220339,18.64406779661017,19.2090395480226,13
m,37.83783783783784,32.432432432432435,16.216216216216218,13.513513513513512,13
m,32.142857142857146,30.952380952380953,19.047619047619047,17.857142857142858,13
m,43.75,21.875,17.5,16.875,13
m,33.68421052631579,30.52631578947368,18.94736842105263,16.842105263157894,13
m,30.120481927710845,30.120481927710845,19.87951807228916,19.87951807228916,13
m,42.10526315789473,21.052631578947366,20.0,16.842105263157894,13
m,35.2112676056338,29.577464788732392,18.309859154929576,16.901408450704224,13
m,43.97163120567376,27.659574468085108,15.602836879432624,12.76595744680851,13
m,41.61490683229813,32.29813664596273,8.074534161490682,18.012422360248447,13
m,36.95652173913043,36.95652173913043,13.043478260869565,13.043478260869565,13
m,36.8421052631579,28.947368421052634,21.05263157894737,13.157894736842106,13
m,34.81481481481481,31.85185185185185,17.037037037037035,16.296296296296294,13
m,28.571428571428573,22.857142857142858,25.714285714285715,22.857142857142858,13
m,27.94117647058824,22.058823529411768,27.205882352941178,22.794117647058826,13
m,49.693251533742334,20.245398773006137,21.47239263803681,8.588957055214724,13
m,34.69387755102041,34.69387755102041,15.306122448979592,15.306122448979592,13
m,20.54794520547945,17.80821917808219,35.61643835616438,26.027397260273972,13
m,42.85714285714286,18.75,22.321428571428573,16.071428571428573,13
m,47.69230769230769,6.153846153846154,18.461538461538463,27.692307692307693,13
m,38.118811881188115,18.81188118811881,23.762376237623762,19.306930693069308,13
m,32.22222222222222,30.0,20.0,17.77777777777778,13
m,28.063241106719367,23.320158102766797,25.296442687747035,23.320158102766797,13
m,33.92857142857143,26.78571428571429,21.42857142857143,17.857142857142858,13
m,36.06557377049181,28.961748633879782,18.579234972677597,16.393442622950822,13
m,41.66666666666667,18.333333333333336,25.0,15.0,13
m,42.3728813559322,18.64406779661017,20.338983050847457,18.64406779661017,13
m,38.20224719101124,35.95505617977528,13.483146067415731,12.359550561797754,13
m,37.5,37.5,12.5,12.5,13
m,43.05555555555556,18.055555555555554,14.583333333333332,24.305555555555554,13
m,47.2,20.8,16.8,15.200000000000001,13
m,28.571428571428573,24.285714285714285,25.714285714285715,21.42857142857143,13
m,31.25,18.75,31.25,18.75,13
m,32.8125,31.25,18.75,17.1875,13
m,61.25,10.0,8.75,20.0,13
m,32.55813953488372,22.093023255813954,25.581395348837212,19.767441860465116,13
m,31.25,31.25,18.75,18.75,13
m,29.86111111111111,26.38888888888889,22.916666666666664,20.833333333333332,13
m,25.000000000000004,25.000000000000004,25.000000000000004,25.000000000000004,13
m,38.888888888888886,37.3015873015873,11.11111111111111,12.698412698412698,13
m,39.02439024390244,26.829268292682926,15.853658536585366,18.29268292682927,13
m,36.66666666666667,26.666666666666668,19.166666666666668,17.5,13
m,33.333333333333336,33.333333333333336,16.666666666666668,16.666666666666668,13
m,25.0,25.0,25.0,25.0,13
m,35.714285714285715,24.025974025974026,25.324675324675326,14.935064935064934,13
m,35.07462686567165,25.373134328358212,22.388059701492537,17.16417910447761,13
m,30.43478260869565,30.43478260869565,19.565217391304348,19.565217391304348,13
m,37.634408602150536,26.881720430107524,20.43010752688172,15.053763440860214,13
m,34.831460674157306,26.966292134831463,22.471910112359552,15.730337078651687,13
m,42.0,34.0,12.0,12.0,13
m,32.786885245901644,29.508196721311478,19.672131147540984,18.0327868852459,13
m,30.612244897959183,26.53061224489796,24.48979591836735,18.367346938775512,13
m,55.072463768115945,5.797101449275362,14.492753623188406,24.63768115942029,13
m,32.098765432098766,27.160493827160494,22.22222222222222,18.51851851851852,13
m,28.0,24.0,24.0,24.0,13
m,30.357142857142858,28.571428571428573,21.42857142857143,19.642857142857142,13
m,30.434782608695652,25.217391304347824,24.34782608695652,20.0,13
m,40.476190476190474,38.095238095238095,11.904761904761905,9.523809523809524,13
m,35.294117647058826,27.647058823529413,20.58823529411765,16.47058823529412,13
m,38.095238095238095,6.666666666666666,24.76190476190476,30.476190476190474,13
m,33.673469387755105,20.918367346938776,28.06122448979592,17.346938775510203,13
m,28.448275862068964,26.72413793103448,22.413793103448274,22.413793103448274,13
m,46.34146341463415,16.463414634146343,10.365853658536585,26.829268292682926,13
m,33.82352941176471,26.47058823529412,22.058823529411768,17.647058823529413,13
m,31.29251700680272,26.53061224489796,21.088435374149658,21.088435374149658,13
m,34.751773049645394,29.078014184397166,19.858156028368796,16.31205673758865,13
m,33.92857142857143,26.78571428571429,20.53571428571429,18.75,13
m,55.78947368421052,18.94736842105263,9.473684210526315,15.789473684210526,13
m,28.72340425531915,20.21276595744681,28.72340425531915,22.340425531914892,13
m,44.14414414414414,20.72072072072072,16.216216216216218,18.91891891891892,13
m,55.238095238095234,3.8095238095238093,22.857142857142854,18.095238095238095,13
m,31.73652694610778,26.946107784431135,22.15568862275449,19.161676646706585,13
m,54.54545454545455,4.545454545454545,15.151515151515152,25.757575757575758,13
m,22.72727272727273,22.72727272727273,27.272727272727273,27.272727272727273,13
m,37.096774193548384,31.451612903225804,14.516129032258064,16.93548387096774,13
m,35.57692307692308,28.846153846153847,17.307692307692307,18.26923076923077,13
m,32.25806451612903,30.967741935483872,18.70967741935484,18.064516129032256,13
m,40.0,33.333333333333336,15.0,11.666666666666668,13
m,37.41935483870968,29.677419354838708,16.774193548387096,16.129032258064516,13
m,28.333333333333336,28.333333333333336,21.666666666666668,21.666666666666668,13
m,47.5609756097561,3.6585365853658534,17.073170731707318,31.70731707317073,13
m,50.87719298245614,7.017543859649122,26.31578947368421,15.789473684210526,13
m,25.641025641025642,20.512820512820515,30.769230769230774,23.07692307692308,13
m,28.37837837837838,23.64864864864865,25.675675675675674,22.2972972972973,13
m,39.2,24.0,20.8,16.0,13
m,31.914893617021278,29.78723404255319,20.21276595744681,18.085106382978722,13
m,44.85981308411215,18.69158878504673,20.560747663551403,15.88785046728972,13
m,30.0,30.0,20.0,20.0,13
m,25.984251968503937,21.25984251968504,27.559055118110237,25.19685039370079,13
m,40.51724137931034,37.068965517241374,11.206896551724137,11.206896551724137,13
m,33.333333333333336,27.77777777777778,20.37037037037037,18.51851851851852,13
m,39.17525773195876,30.92783505154639,18.556701030927833,11.340206185567009,13
m,36.36363636363637,27.272727272727273,20.454545454545457,15.90909090909091,13
m,31.506849315068493,24.65753424657534,26.027397260273972,17.80821917808219,13
m,49.074074074074076,16.666666666666668,14.814814814814815,19.444444444444443,13
m,37.28813559322034,28.813559322033896,19.491525423728813,14.406779661016948,13
m,50.68493150684931,2.73972602739726,30.136986301369863,16.43835616438356,13
m,28.75,23.75,25.0,22.5,13
m,49.36708860759494,6.329113924050633,18.9873417721519,25.31645569620253,13
m,30.303030303030305,21.21212121212121,27.272727272727273,21.21212121212121,13
m,35.294117647058826,30.58823529411765,18.823529411764707,15.294117647058824,13
m,33.56164383561644,18.493150684931507,26.027397260273972,21.91780821917808,13
m,37.93103448275862,25.0,18.103448275862068,18.96551724137931,13
m,37.24137931034483,27.586206896551726,19.310344827586206,15.862068965517242,13
m,31.788079470198678,27.814569536423843,20.529801324503314,19.867549668874172,13
m,43.046357615894046,28.47682119205298,16.55629139072848,11.920529801324504,13
m,38.392857142857146,18.75,20.53571428571429,22.321428571428573,13
m,32.544378698224854,30.76923076923077,18.93491124260355,17.75147928994083,13
m,38.18181818181818,34.54545454545455,14.545454545454545,12.727272727272727,13
m,32.35294117647059,21.56862745098039,23.52941176470588,22.549019607843135,13
m,40.0,17.0,32.0,11.0,13
m,45.65217391304348,21.73913043478261,17.391304347826086,15.217391304347824,13
m,26.666666666666664,25.71428571428571,23.809523809523807,23.809523809523807,13
m,52.83018867924528,5.660377358490566,16.9811320754717,24.528301886792452,13
m,33.89830508474576,29.66101694915254,18.64406779661017,17.796610169491526,13
m,23.076923076923077,19.23076923076923,30.76923076923077,26.923076923076923,13
m,29.1044776119403,18.65671641791045,29.850746268656717,22.388059701492537,13
m,31.53846153846154,30.0,20.0,18.461538461538463,13
m,29.032258064516128,23.387096774193548,26.61290322580645,20.96774193548387,13
m,36.641221374045806,24.427480916030536,20.610687022900766,18.320610687022903,13
m,29.761904761904763,27.38095238095238,22.61904761904762,20.238095238095237,13
m,47.05882352941176,36.27450980392157,8.823529411764705,7.8431372549019605,13
m,28.571428571428573,23.214285714285715,26.78571428571429,21.42857142857143,13
m,30.0,26.666666666666668,22.5,20.833333333333336,13
m,33.91304347826087,14.782608695652174,34.78260869565217,16.52173913043478,13
m,33.333333333333336,33.333333333333336,16.666666666666668,16.666666666666668,13
m,56.71641791044777,4.477611940298508,17.910447761194032,20.895522388059703,13
m,39.84375,17.1875,19.53125,23.4375,13
m,38.46153846153847,34.065934065934066,14.285714285714286,13.186813186813188,13
m,33.333333333333336,33.333333333333336,16.666666666666668,16.666666666666668,13
m,35.65891472868217,27.906976744186046,20.155038759689923,16.27906976744186,13
m,33.92857142857143,28.571428571428573,19.642857142857142,17.857142857142858,13
m,35.80246913580247,23.456790123456788,24.691358024691358,16.049382716049383,13
m,35.3448275862069,24.137931034482758,19.82758620689655,20.689655172413794,13
m,28.985507246376812,28.26086956521739,21.73913043478261,21.014492753623188,13
m,34.30232558139535,32.55813953488372,17.44186046511628,15.697674418604652,13
m,34.18803418803419,23.931623931623932,23.931623931623932,17.94871794871795,13
m,42.307692307692314,42.307692307692314,7.692307692307693,7.692307692307693,13
m,30.303030303030305,26.515151515151516,22.727272727272727,20.454545454545453,13
m,34.48275862068966,31.724137931034484,17.931034482758623,15.862068965517242,13
m,32.08955223880597,27.611940298507463,20.149253731343286,20.149253731343286,13
m,41.584158415841586,18.81188118811881,12.871287128712872,26.73267326732673,13
m,27.77777777777778,27.77777777777778,22.22222222222222,22.22222222222222,13
m,37.5,27.67857142857143,21.42857142857143,13.392857142857144,13
m,30.18867924528302,28.30188679245283,20.754716981132077,20.754716981132077,13
m,25.0,25.0,25.0,25.0,13
m,39.285714285714285,19.642857142857142,24.107142857142858,16.964285714285715,13
m,30.158730158730158,25.396825396825395,23.015873015873016,21.428571428571427,13
m,30.58823529411765,28.235294117647058,21.176470588235293,20.0,13
m,28.84615384615385,26.282051282051285,23.07692307692308,21.794871794871796,13
m,29.411764705882355,26.47058823529412,23.529411764705884,20.58823529411765,13
m,43.94904458598726,21.656050955414013,15.286624203821656,19.108280254777068,13
m,36.36363636363637,25.252525252525253,21.71717171717172,16.666666666666668,13
m,35.51401869158879,25.233644859813083,21.49532710280374,17.757009345794394,13
m,29.885057471264368,26.4367816091954,22.988505747126435,20.689655172413794,13
m,29.166666666666668,27.083333333333336,22.916666666666668,20.833333333333336,13
m,37.5,35.41666666666667,13.541666666666668,13.541666666666668,13
m,39.75155279503105,28.57142857142857,16.149068322981364,15.527950310559005,13
m,32.142857142857146,26.19047619047619,22.61904761904762,19.047619047619047,13
m,25.0,25.0,25.0,25.0,13
m,35.13513513513514,22.2972972972973,27.027027027027025,15.54054054054054,13
m,33.77777777777778,27.11111111111111,20.88888888888889,18.22222222222222,13
m,30.0,30.0,20.0,20.0,13
m,29.32330827067669,27.06766917293233,22.55639097744361,21.052631578947366,13
m,32.800000000000004,28.0,19.200000000000003,20.0,13
m,28.18181818181818,28.18181818181818,21.818181818181817,21.818181818181817,13
m,50.0,18.421052631578945,16.31578947368421,15.26315789473684,13
m,45.09803921568627,10.784313725490195,16.666666666666664,27.45098039215686,13
m,54.54545454545455,10.101010101010102,23.232323232323235,12.121212121212121,13
m,37.931034482758626,18.620689655172416,31.03448275862069,12.413793103448278,13
m,31.914893617021278,25.53191489361702,21.27659574468085,21.27659574468085,13
m,30.769230769230766,26.573426573426573,22.377622377622377,20.27972027972028,13
m,32.87671232876712,27.397260273972602,17.80821917808219,21.91780821917808,13
m,30.0,27.5,22.5,20.0,13
m,48.113207547169814,16.037735849056602,27.358490566037737,8.49056603773585,13
m,31.746031746031743,20.634920634920633,20.634920634920633,26.984126984126984,13
m,40.0,40.0,10.0,10.0,13
k,38.15789473684211,23.68421052631579,19.078947368421055,19.078947368421055,11
k,30.34188034188034,26.495726495726494,22.649572649572647,20.51282051282051,11
k,34.93975903614458,26.50602409638554,20.883534136546185,17.670682730923694,11
k,52.67175572519084,19.083969465648856,18.320610687022903,9.923664122137405,11
k,52.51798561151079,18.70503597122302,14.388489208633093,14.388489208633093,11
k,37.64705882352941,32.94117647058824,15.294117647058824,14.117647058823529,11
k,34.69387755102041,27.891156462585034,17.687074829931973,19.727891156462583,11
k,77.14285714285714,3.8095238095238093,4.761904761904762,14.285714285714285,11
k,34.21052631578947,31.14035087719298,17.543859649122805,17.105263157894736,11
k,33.333333333333336,25.581395348837212,19.767441860465116,21.317829457364343,11
k,38.513513513513516,25.675675675675674,16.216216216216218,19.594594594594593,11
k,68.35443037974684,12.658227848101266,7.59493670886076,11.39240506329114,11
k,43.93939393939394,28.03030303030303,14.393939393939394,13.636363636363637,11
k,46.927374301675975,26.256983240223462,10.614525139664805,16.201117318435752,11
k,41.66666666666667,25.641025641025642,11.53846153846154,21.153846153846157,11
k,39.34426229508197,26.229508196721312,19.672131147540984,14.754098360655739,11
k,30.303030303030305,25.757575757575758,18.18181818181818,25.757575757575758,11
k,37.38317757009346,31.77570093457944,15.88785046728972,14.953271028037383,11
k,32.47422680412371,24.22680412371134,21.134020618556697,22.164948453608247,11
k,23.61111111111111,23.61111111111111,26.38888888888889,26.38888888888889,11
k,40.5,16.5,23.0,20.0,11
k,36.86868686868687,31.313131313131315,12.626262626262626,19.191919191919194,11
k,36.0,28.0,20.0,16.0,11
k,31.092436974789916,25.210084033613445,21.84873949579832,21.84873949579832,11
k,28.571428571428573,28.571428571428573,21.42857142857143,21.42857142857143,11
k,33.333333333333336,26.865671641791046,20.398009950248756,19.402985074626866,11
k,40.38461538461539,29.326923076923077,17.78846153846154,12.5,11
k,75.0,7.8125,6.25,10.9375,11
k,62.96296296296296,8.641975308641975,23.456790123456788,4.938271604938271,11
k,36.11111111111111,29.166666666666664,18.75,15.972222222222221,11
k,33.16326530612245,32.142857142857146,18.877551020408163,15.816326530612246,11
k,42.5,28.75,15.0,13.75,11
k,40.659340659340664,29.67032967032967,15.384615384615387,14.285714285714286,11
k,33.050847457627114,22.881355932203387,23.728813559322035,20.338983050847457,11
k,33.84615384615384,31.282051282051277,17.94871794871795,16.92307692307692,11
k,37.82383419689119,26.943005181347147,16.580310880829014,18.65284974093264,11
k,38.20224719101124,26.966292134831463,17.97752808988764,16.853932584269664,11
k,32.608695652173914,17.934782608695652,27.173913043478258,22.282608695652172,11
k,38.79310344827586,24.137931034482758,23.275862068965516,13.793103448275861,11
k,47.05882352941177,24.369747899159663,15.126050420168067,13.445378151260504,11
k,26.056338028169012,22.535211267605632,26.056338028169012,25.352112676056336,11
k,40.35087719298245,24.561403508771928,20.46783625730994,14.619883040935672,11
k,36.36363636363636,30.909090909090907,16.363636363636363,16.363636363636363,11
k,69.6969696969697,4.545454545454545,10.606060606060606,15.151515151515152,11
k,28.985507246376812,21.73913043478261,23.18840579710145,26.08695652173913,11
k,28.947368421052634,26.97368421052632,22.368421052631582,21.710526315789476,11
k,47.61904761904762,28.57142857142857,14.285714285714285,9.523809523809524,11
k,47.794117647058826,20.58823529411765,5.147058823529412,26.47058823529412,11
k,33.68983957219252,32.0855614973262,17.112299465240643,17.112299465240643,11
k,21.978021978021978,18.681318681318682,29.67032967032967,29.67032967032967,11
k,35.227272727272734,17.045454545454547,22.72727272727273,25.000000000000004,11
k,31.111111111111114,24.444444444444446,21.11111111111111,23.333333333333336,11
k,36.05769230769231,34.13461538461539,14.903846153846155,14.903846153846155,11
k,35.338345864661655,21.052631578947366,24.81203007518797,18.796992481203006,11
k,30.046948356807512,19.718309859154928,28.63849765258216,21.5962441314554,11
k,42.5287356321839,31.034482758620687,14.942528735632184,11.494252873563218,11
k,34.81481481481481,22.962962962962962,24.444444444444443,17.77777777777778,11
k,30.034129692832767,24.91467576791809,23.208191126279864,21.843003412969285,11
k,67.56756756756756,6.756756756756756,16.216216216216218,9.45945945945946,11
k,51.06382978723404,17.02127659574468,13.829787234042552,18.085106382978722,11
k,56.25,23.214285714285715,10.714285714285715,9.821428571428571,11
k,32.972972972972975,25.405405405405407,22.162162162162165,19.45945945945946,11
k,39.83739837398374,26.016260162601625,18.69918699186992,15.447154471544716,11
k,30.952380952380953,27.38095238095238,22.61904761904762,19.047619047619047,11
k,38.91213389121339,33.47280334728033,15.06276150627615,12.552301255230125,11
k,37.66233766233766,27.92207792207792,17.532467532467532,16.883116883116884,11
k,35.632183908045974,33.33333333333333,11.494252873563218,19.54022988505747,11
k,28.78787878787879,24.242424242424242,19.696969696969695,27.272727272727273,11
k,34.61538461538461,25.0,17.307692307692307,23.076923076923077,11
k,38.095238095238095,29.761904761904763,17.857142857142858,14.285714285714285,11
k,40.659340659340664,36.26373626373627,10.989010989010989,12.08791208791209,11
k,34.43396226415094,28.77358490566038,18.39622641509434,18.39622641509434,11
k,37.03703703703704,25.925925925925927,18.51851851851852,18.51851851851852,11
k,48.24561403508772,27.19298245614035,11.403508771929824,13.157894736842104,11
k,34.35897435897436,24.615384615384613,17.435897435897434,23.589743589743588,11
k,33.33333333333333,33.33333333333333,16.666666666666664,16.666666666666664,11
k,48.091603053435115,21.37404580152672,12.213740458015268,18.320610687022903,11
k,28.571428571428573,28.571428571428573,21.42857142857143,21.42857142857143,11
k,38.853503184713375,30.573248407643312,18.471337579617835,12.101910828025478,11
k,38.29787234042553,10.638297872340425,10.638297872340425,40.42553191489362,11
k,26.984126984126984,20.634920634920633,28.57142857142857,23.809523809523807,11
k,33.125,30.0,19.375,17.5,11
k,37.988826815642454,30.167597765363126,15.642458100558658,16.201117318435752,11
k,40.0,20.0,20.0,20.0,11
k,36.994219653179194,33.52601156069365,15.606936416184972,13.872832369942198,11
k,43.80952380952381,30.476190476190474,15.238095238095237,10.476190476190476,11
k,38.53211009174312,34.862385321100916,14.678899082568808,11.926605504587156,11
k,35.294117647058826,25.81699346405229,16.013071895424837,22.875816993464053,11
k,35.714285714285715,28.571428571428573,15.714285714285715,20.0,11
k,55.88235294117647,23.52941176470588,7.8431372549019605,12.745098039215685,11
k,66.66666666666667,7.246376811594203,14.492753623188406,11.594202898550725,11
k,48.958333333333336,30.208333333333336,8.333333333333334,12.5,11
k,61.25,18.75,11.25,8.75,11
k,47.55244755244755,20.27972027972028,11.888111888111888,20.27972027972028,11
k,27.77777777777778,25.0,20.833333333333332,26.38888888888889,11
k,22.689075630252102,15.966386554621849,29.411764705882355,31.932773109243698,11
k,32.96703296703297,23.07692307692308,20.329670329670332,23.626373626373628,11
k,37.5,23.333333333333336,22.5,16.666666666666668,11
k,37.5,27.205882352941178,17.647058823529413,17.647058823529413,11
k,37.674418604651166,31.627906976744185,14.41860465116279,16.27906976744186,11
k,38.392857142857146,33.92857142857143,16.071428571428573,11.607142857142858,11
k,47.85714285714286,24.285714285714285,18.571428571428573,9.285714285714286,11
k,51.4792899408284,17.159763313609467,21.301775147928996,10.059171597633137,11
k,33.587786259541986,31.297709923664126,19.083969465648856,16.03053435114504,11
k,33.46613545816733,28.685258964143426,18.725099601593623,19.123505976095615,11
k,17.391304347826086,13.043478260869565,33.91304347826087,35.65217391304348,11
k,55.0,11.0,23.0,11.0,11
k,37.93103448275862,29.310344827586206,20.689655172413794,12.068965517241379,11
k,27.30496453900709,21.98581560283688,26.595744680851066,24.113475177304966,11
k,36.0,27.200000000000003,20.0,16.8,11
k,37.77777777777778,35.55555555555556,13.333333333333334,13.333333333333334,11
k,33.78378378378378,31.08108108108108,17.56756756756757,17.56756756756757,11
k,46.01769911504425,17.69911504424779,26.548672566371682,9.734513274336283,11
k,32.56880733944954,28.440366972477065,18.34862385321101,20.642201834862387,11
k,35.714285714285715,24.48979591836735,23.46938775510204,16.3265306122449,11
k,28.94736842105263,27.19298245614035,21.929824561403507,21.929824561403507,11
k,43.4108527131783,24.8062015503876,19.379844961240313,12.4031007751938,11
k,46.96969696969697,19.696969696969695,21.21212121212121,12.121212121212121,11
k,53.65853658536585,26.829268292682926,9.75609756097561,9.75609756097561,11
k,37.26708074534161,31.05590062111801,16.770186335403725,14.906832298136646,11
k,32.95454545454546,28.40909090909091,18.75,19.886363636363637,11
k,37.28813559322034,22.033898305084744,20.338983050847457,20.338983050847457,11
k,37.5,31.25,18.75,12.5,11
k,41.5,28.5,15.5,14.5,11
k,35.38461538461539,24.615384615384617,21.53846153846154,18.461538461538463,11
k,52.0,17.6,16.0,14.4,11
k,34.88372093023256,28.48837209302326,18.02325581395349,18.6046511627907,11
k,34.375,25.0,28.125,12.5,11
k,37.30569948186528,24.87046632124352,19.689119170984455,18.134715025906733,11
k,20.32520325203252,13.008130081300813,34.959349593495936,31.70731707317073,11
k,41.32231404958678,11.570247933884298,9.917355371900827,37.1900826446281,11
k,45.378151260504204,24.369747899159663,13.445378151260504,16.80672268907563,11
k,27.11864406779661,27.11864406779661,22.881355932203387,22.881355932203387,11
k,25.471698113207548,21.69811320754717,26.41509433962264,26.41509433962264,11
k,33.762057877813504,30.868167202572348,17.684887459807076,17.684887459807076,11
k,38.853503184713375,20.38216560509554,26.751592356687897,14.012738853503183,11
k,40.769230769230774,18.461538461538463,25.384615384615387,15.384615384615385,11
k,41.61490683229813,29.81366459627329,14.285714285714285,14.285714285714285,11
k,25.0,25.0,25.0,25.0,11
k,34.32835820895522,30.597014925373138,15.671641791044777,19.402985074626866,11
k,39.37007874015748,25.984251968503937,15.748031496062993,18.897637795275593,11
k,35.714285714285715,35.714285714285715,14.285714285714286,14.285714285714286,11
k,30.985915492957744,26.76056338028169,21.12676056338028,21.12676056338028,11
k,55.6701030927835,12.371134020618555,22.680412371134018,9.278350515463917,11
k,26.984126984126984,23.809523809523807,19.047619047619047,30.158730158730158,11
k,35.947712418300654,32.02614379084967,15.032679738562091,16.99346405228758,11
k,44.32432432432433,28.64864864864865,15.675675675675677,11.351351351351353,11
k,38.666666666666664,31.333333333333332,14.666666666666666,15.333333333333332,11
k,31.645569620253166,26.58227848101266,16.455696202531648,25.31645569620253,11
k,35.49618320610687,27.480916030534353,21.755725190839698,15.267175572519085,11
k,40.397350993377486,23.841059602649008,19.205298013245034,16.55629139072848,11
k,25.688073394495415,24.770642201834864,24.770642201834864,24.770642201834864,11
k,31.05590062111801,21.11801242236025,23.60248447204969,24.223602484472046,11
k,41.81818181818182,15.757575757575758,29.6969696969697,12.727272727272728,11
k,29.268292682926827,23.170731707317074,20.73170731707317,26.829268292682926,11
k,35.38461538461538,22.05128205128205,23.589743589743588,18.97435897435897,11
k,37.719298245614034,25.43859649122807,18.421052631578945,18.421052631578945,11
k,36.75213675213675,29.914529914529915,16.23931623931624,17.094017094017094,11
k,66.66666666666666,8.0,10.666666666666666,14.666666666666666,11
k,44.852941176470594,16.911764705882355,23.529411764705884,14.705882352941178,11
k,35.32338308457712,26.865671641791046,20.398009950248756,17.412935323383085,11
k,33.333333333333336,30.37974683544304,18.143459915611814,18.143459915611814,11
k,44.60431654676259,23.741007194244602,22.302158273381295,9.35251798561151,11
k,36.60130718954248,15.032679738562091,26.797385620915033,21.568627450980394,11
k,33.56643356643357,28.67132867132867,20.27972027972028,17.482517482517483,11
k,55.64516129032258,16.93548387096774,13.709677419354838,13.709677419354838,11
k,34.36123348017621,26.431718061674008,20.704845814977972,18.502202643171806,11
