target_names,horizontal_w_to_b,horizontal_b_to_w,vertical_w_to_b,vertical_b_to_w,target
O,52.27272727272728,2.272727272727273,21.590909090909093,23.863636363636367,0
O,48.45360824742268,2.0618556701030926,20.618556701030926,28.865979381443296,0
O,55.43478260869565,2.1739130434782608,18.478260869565215,23.913043478260867,0
O,54.44444444444445,2.2222222222222223,16.666666666666668,26.666666666666668,0
O,51.546391752577314,2.0618556701030926,19.58762886597938,26.804123711340203,0
O,51.13636363636364,2.272727272727273,19.31818181818182,27.272727272727273,0
O,54.02298850574712,2.2988505747126435,17.241379310344826,26.4367816091954,0
O,52.74725274725275,2.197802197802198,18.681318681318682,26.373626373626376,0
O,56.52173913043478,2.1739130434782608,15.217391304347824,26.08695652173913,0
O,48.51485148514851,1.9801980198019802,21.78217821782178,27.722772277227723,0
O,55.68181818181819,2.272727272727273,17.045454545454547,25.000000000000004,0
O,53.12500000000001,2.0833333333333335,18.75,26.041666666666668,0
O,54.44444444444445,2.2222222222222223,17.77777777777778,25.555555555555557,0
O,53.333333333333336,2.2222222222222223,18.88888888888889,25.555555555555557,0
O,52.94117647058824,2.3529411764705883,21.176470588235293,23.529411764705884,0
O,54.651162790697676,2.3255813953488373,18.6046511627907,24.41860465116279,0
O,57.14285714285714,2.380952380952381,19.047619047619047,21.428571428571427,0
O,51.48514851485149,1.9801980198019802,20.792079207920793,25.742574257425744,0
O,48.54368932038835,1.941747572815534,22.33009708737864,27.184466019417478,0
O,52.80898876404495,2.247191011235955,21.348314606741575,23.59550561797753,0
O,53.48837209302326,2.3255813953488373,22.093023255813954,22.093023255813954,0
O,51.086956521739125,2.1739130434782608,21.73913043478261,25.0,0
O,56.9620253164557,2.5316455696202533,15.18987341772152,25.31645569620253,0
O,56.97674418604652,2.3255813953488373,18.6046511627907,22.093023255813954,0
O,53.846153846153854,2.197802197802198,19.78021978021978,24.17582417582418,0
O,52.27272727272728,2.272727272727273,21.590909090909093,23.863636363636367,0
O,51.61290322580645,2.150537634408602,18.279569892473116,27.956989247311824,0
O,50.0,2.127659574468085,24.46808510638298,23.404255319148938,0
O,52.63157894736842,2.1052631578947367,23.157894736842103,22.105263157894736,0
O,55.172413793103445,2.2988505747126435,21.839080459770113,20.689655172413794,0
O,54.32098765432099,2.4691358024691357,20.98765432098765,22.22222222222222,0
O,51.086956521739125,2.1739130434782608,20.652173913043477,26.08695652173913,0
O,48.387096774193544,2.150537634408602,25.806451612903224,23.655913978494624,0
O,48.35164835164836,2.197802197802198,27.472527472527474,21.978021978021978,0
O,49.46236559139785,2.150537634408602,24.731182795698924,23.655913978494624,0
O,48.93617021276596,2.127659574468085,20.21276595744681,28.72340425531915,0
O,53.26086956521739,2.1739130434782608,15.217391304347824,29.34782608695652,0
O,50.574712643678154,2.2988505747126435,19.54022988505747,27.586206896551722,0
O,56.09756097560975,2.4390243902439024,17.073170731707318,24.390243902439025,0
O,52.4390243902439,2.4390243902439024,19.51219512195122,25.609756097560975,0
O,50.56179775280899,2.247191011235955,21.348314606741575,25.842696629213485,0
O,50.61728395061728,2.4691358024691357,17.28395061728395,29.629629629629626,0
O,51.72413793103448,2.2988505747126435,20.689655172413794,25.287356321839077,0
O,49.411764705882355,2.3529411764705883,21.176470588235293,27.058823529411764,0
O,54.11764705882353,2.3529411764705883,17.647058823529413,25.88235294117647,0
O,51.21951219512195,2.4390243902439024,13.414634146341463,32.926829268292686,0
O,56.410256410256416,2.5641025641025643,16.666666666666668,24.35897435897436,0
O,49.42528735632184,2.2988505747126435,18.39080459770115,29.885057471264368,0
O,54.216867469879524,2.4096385542168677,19.27710843373494,24.096385542168676,0
O,53.409090909090914,2.272727272727273,19.31818181818182,25.000000000000004,0
O,56.09756097560975,2.4390243902439024,19.51219512195122,21.95121951219512,0
O,55.696202531645575,2.5316455696202533,16.455696202531648,25.31645569620253,0
O,56.25,2.5,16.25,25.0,0
O,49.45054945054945,2.197802197802198,19.78021978021978,28.571428571428573,0
O,55.55555555555555,2.4691358024691357,19.753086419753085,22.22222222222222,0
O,51.72413793103448,2.2988505747126435,20.689655172413794,25.287356321839077,0
O,49.01960784313725,1.9607843137254901,21.56862745098039,27.45098039215686,0
O,53.409090909090914,2.272727272727273,22.72727272727273,21.590909090909093,0
O,54.76190476190476,2.380952380952381,17.857142857142858,25.0,0
O,53.26086956521739,2.1739130434782608,17.391304347826086,27.173913043478258,0
O,53.65853658536585,2.4390243902439024,19.51219512195122,24.390243902439025,0
O,55.294117647058826,2.3529411764705883,18.823529411764707,23.529411764705884,0
O,52.94117647058824,2.3529411764705883,21.176470588235293,23.529411764705884,0
O,53.409090909090914,2.272727272727273,21.590909090909093,22.72727272727273,0
O,52.80898876404495,2.247191011235955,20.224719101123597,24.719101123595507,0
O,52.12765957446808,2.127659574468085,23.404255319148938,22.340425531914892,0
O,47.95918367346939,2.0408163265306123,24.48979591836735,25.510204081632654,0
O,57.64705882352941,2.3529411764705883,17.647058823529413,22.35294117647059,0
O,49.45054945054945,2.197802197802198,25.274725274725277,23.07692307692308,0
O,51.546391752577314,2.0618556701030926,23.711340206185564,22.680412371134018,0
O,50.515463917525764,2.0618556701030926,21.649484536082472,25.773195876288657,0
O,52.12765957446808,2.127659574468085,24.46808510638298,21.27659574468085,0
O,50.56179775280899,2.247191011235955,21.348314606741575,25.842696629213485,0
O,54.651162790697676,2.3255813953488373,19.767441860465116,23.255813953488374,0
O,50.549450549450555,2.197802197802198,19.78021978021978,27.472527472527474,0
O,52.27272727272728,2.272727272727273,20.454545454545457,25.000000000000004,0
O,51.76470588235294,2.3529411764705883,18.823529411764707,27.058823529411764,0
O,52.80898876404495,2.247191011235955,19.10112359550562,25.842696629213485,0
O,48.88888888888889,2.2222222222222223,21.11111111111111,27.77777777777778,0
O,53.57142857142857,2.380952380952381,20.238095238095237,23.80952380952381,0
O,56.62650602409639,2.4096385542168677,15.66265060240964,25.30120481927711,0
O,51.72413793103448,2.2988505747126435,18.39080459770115,27.586206896551722,0
O,53.75,2.5,17.5,26.25,0
O,53.01204819277109,2.4096385542168677,21.68674698795181,22.89156626506024,0
O,46.66666666666667,2.2222222222222223,22.22222222222222,28.88888888888889,0
O,46.73913043478261,2.1739130434782608,22.82608695652174,28.26086956521739,0
O,51.76470588235294,2.3529411764705883,20.0,25.88235294117647,0
O,51.162790697674424,2.3255813953488373,18.6046511627907,27.906976744186046,0
O,51.111111111111114,2.2222222222222223,20.0,26.666666666666668,0
O,51.64835164835165,2.197802197802198,18.681318681318682,27.472527472527474,0
O,57.3170731707317,2.4390243902439024,14.634146341463413,25.609756097560975,0
O,46.66666666666667,2.2222222222222223,21.11111111111111,30.0,0
O,50.60240963855422,2.4096385542168677,16.867469879518072,30.120481927710845,0
O,51.25,2.5,16.25,30.0,0
O,51.21951219512195,2.4390243902439024,20.73170731707317,25.609756097560975,0
O,46.42857142857143,2.380952380952381,22.61904761904762,28.57142857142857,0
O,53.01204819277109,2.4096385542168677,20.481927710843376,24.096385542168676,0
O,48.88888888888889,2.2222222222222223,24.444444444444446,24.444444444444446,0
O,56.410256410256416,2.5641025641025643,17.94871794871795,23.07692307692308,0
O,49.42528735632184,2.2988505747126435,22.988505747126435,25.287356321839077,0
O,52.38095238095238,2.380952380952381,20.238095238095237,25.0,0
O,51.898734177215196,2.5316455696202533,21.518987341772153,24.050632911392405,0
O,53.01204819277109,2.4096385542168677,21.68674698795181,22.89156626506024,0
O,50.549450549450555,2.197802197802198,19.78021978021978,27.472527472527474,0
O,53.01204819277109,2.4096385542168677,19.27710843373494,25.30120481927711,0
O,51.72413793103448,2.2988505747126435,16.091954022988503,29.885057471264368,0
O,52.32558139534884,2.3255813953488373,18.6046511627907,26.74418604651163,0
O,53.08641975308642,2.4691358024691357,20.98765432098765,23.456790123456788,0
O,57.14285714285714,2.380952380952381,17.857142857142858,22.61904761904762,0
O,57.89473684210527,2.6315789473684212,17.10526315789474,22.368421052631582,0
O,51.13636363636364,2.272727272727273,22.72727272727273,23.863636363636367,0
O,51.21951219512195,2.4390243902439024,21.95121951219512,24.390243902439025,0
O,53.26086956521739,2.1739130434782608,15.217391304347824,29.34782608695652,0
O,53.846153846153854,2.5641025641025643,17.94871794871795,25.641025641025642,0
O,48.31460674157304,2.247191011235955,22.471910112359552,26.966292134831463,0
O,51.19047619047619,2.380952380952381,22.61904761904762,23.80952380952381,0
O,48.86363636363637,2.272727272727273,21.590909090909093,27.272727272727273,0
O,51.68539325842697,2.247191011235955,19.10112359550562,26.966292134831463,0
O,51.13636363636364,2.272727272727273,20.454545454545457,26.13636363636364,0
O,50.0,2.127659574468085,22.340425531914892,25.53191489361702,0
O,53.01204819277109,2.4096385542168677,16.867469879518072,27.71084337349398,0
O,50.0,2.3255813953488373,22.093023255813954,25.581395348837212,0
O,54.76190476190476,2.380952380952381,16.666666666666668,26.19047619047619,0
O,52.8735632183908,2.2988505747126435,21.839080459770113,22.988505747126435,0
O,52.17391304347826,2.1739130434782608,22.82608695652174,22.82608695652174,0
O,52.32558139534884,2.3255813953488373,19.767441860465116,25.581395348837212,0
O,51.162790697674424,2.3255813953488373,22.093023255813954,24.41860465116279,0
O,52.94117647058824,2.3529411764705883,17.647058823529413,27.058823529411764,0
O,54.216867469879524,2.4096385542168677,20.481927710843376,22.89156626506024,0
O,48.275862068965516,2.2988505747126435,24.137931034482758,25.287356321839077,0
O,50.0,2.2222222222222223,22.22222222222222,25.555555555555557,0
O,51.19047619047619,2.380952380952381,19.047619047619047,27.38095238095238,0
O,51.68539325842697,2.247191011235955,21.348314606741575,24.719101123595507,0
O,47.77777777777778,2.2222222222222223,26.666666666666668,23.333333333333336,0
O,51.61290322580645,2.150537634408602,21.50537634408602,24.731182795698924,0
O,51.21951219512195,2.4390243902439024,19.51219512195122,26.829268292682926,0
O,52.32558139534884,2.3255813953488373,20.930232558139537,24.41860465116279,0
O,52.17391304347826,2.1739130434782608,20.652173913043477,25.0,0
O,51.68539325842697,2.247191011235955,23.59550561797753,22.471910112359552,0
O,49.42528735632184,2.2988505747126435,21.839080459770113,26.4367816091954,0
O,53.75,2.5,21.25,22.5,0
O,54.43037974683545,2.5316455696202533,21.518987341772153,21.518987341772153,0
O,51.72413793103448,2.2988505747126435,20.689655172413794,25.287356321839077,0
O,54.32098765432099,2.4691358024691357,17.28395061728395,25.925925925925924,0
O,52.68817204301075,2.150537634408602,22.58064516129032,22.58064516129032,0
O,48.91304347826087,2.1739130434782608,21.73913043478261,27.173913043478258,0
O,53.26086956521739,2.1739130434782608,15.217391304347824,29.34782608695652,0
O,54.76190476190476,2.380952380952381,19.047619047619047,23.80952380952381,0
O,55.95238095238095,2.380952380952381,17.857142857142858,23.80952380952381,0
O,54.651162790697676,2.3255813953488373,17.44186046511628,25.581395348837212,0
1,44.73684210526316,4.385964912280701,24.561403508771928,26.31578947368421,1
1,43.08943089430894,2.4390243902439024,24.390243902439025,30.08130081300813,1
1,48.18181818181818,4.545454545454545,22.727272727272727,24.545454545454543,1
1,43.90243902439024,4.0650406504065035,18.69918699186992,33.333333333333336,1
1,40.67796610169491,2.542372881355932,25.423728813559322,31.35593220338983,1
1,45.299145299145295,2.564102564102564,20.51282051282051,31.62393162393162,1
1,47.826086956521735,3.4782608695652173,19.130434782608695,29.565217391304348,1
1,50.0,4.464285714285714,22.321428571428573,23.214285714285715,1
1,48.64864864864865,4.504504504504505,18.91891891891892,27.92792792792793,1
1,51.81818181818181,4.545454545454545,22.727272727272727,20.90909090909091,1
1,43.08943089430894,3.252032520325203,21.95121951219512,31.70731707317073,1
1,44.18604651162791,2.3255813953488373,22.48062015503876,31.007751937984498,1
1,44.95412844036697,3.669724770642202,25.688073394495415,25.688073394495415,1
1,40.869565217391305,2.608695652173913,21.73913043478261,34.78260869565217,1
1,50.442477876106196,5.3097345132743365,21.238938053097346,23.008849557522126,1
1,48.113207547169814,3.7735849056603774,23.58490566037736,24.528301886792452,1
1,47.008547008547005,3.4188034188034186,22.22222222222222,27.35042735042735,1
1,47.95918367346939,3.0612244897959187,26.53061224489796,22.448979591836736,1
1,48.57142857142857,4.761904761904762,22.857142857142854,23.809523809523807,1
1,44.44444444444444,4.273504273504273,29.914529914529915,21.367521367521366,1
1,43.4108527131783,3.10077519379845,24.031007751937985,29.457364341085274,1
1,46.15384615384615,4.273504273504273,18.803418803418804,30.769230769230766,1
1,43.47826086956522,2.608695652173913,22.608695652173914,31.304347826086957,1
1,45.299145299145295,2.564102564102564,23.076923076923077,29.05982905982906,1
1,44.14414414414414,2.7027027027027026,22.52252252252252,30.63063063063063,1
1,50.86206896551724,3.4482758620689653,25.86206896551724,19.82758620689655,1
1,49.52380952380952,3.8095238095238093,28.57142857142857,18.095238095238095,1
1,43.442622950819676,3.278688524590164,25.40983606557377,27.868852459016395,1
1,40.65040650406504,3.252032520325203,23.577235772357724,32.52032520325203,1
1,45.16129032258064,4.032258064516129,22.58064516129032,28.2258064516129,1
1,44.26229508196722,4.0983606557377055,27.049180327868854,24.59016393442623,1
1,50.86206896551724,2.586206896551724,28.448275862068964,18.103448275862068,1
1,45.762711864406775,2.542372881355932,22.881355932203387,28.813559322033896,1
1,48.739495798319325,4.201680672268908,19.327731092436974,27.73109243697479,1
1,43.84615384615385,3.8461538461538463,20.0,32.30769230769231,1
1,47.57281553398058,2.912621359223301,22.33009708737864,27.184466019417478,1
1,47.5,4.166666666666667,24.166666666666668,24.166666666666668,1
1,46.66666666666667,4.166666666666667,25.833333333333336,23.333333333333336,1
1,44.09448818897638,3.1496062992125986,23.62204724409449,29.133858267716537,1
1,44.91525423728813,3.389830508474576,27.11864406779661,24.576271186440678,1
1,44.274809160305345,3.816793893129771,20.610687022900766,31.297709923664126,1
1,46.28099173553719,2.479338842975207,21.487603305785125,29.75206611570248,1
1,52.67857142857143,3.5714285714285716,26.78571428571429,16.964285714285715,1
1,46.28099173553719,4.132231404958678,24.793388429752067,24.793388429752067,1
1,45.52845528455285,2.4390243902439024,23.577235772357724,28.455284552845526,1
1,46.45669291338583,3.1496062992125986,22.04724409448819,28.34645669291339,1
1,44.53125,3.125,25.78125,26.5625,1
1,53.153153153153156,4.504504504504505,20.72072072072072,21.62162162162162,1
1,51.78571428571429,2.678571428571429,26.78571428571429,18.75,1
1,58.762886597938135,4.123711340206185,21.649484536082472,15.463917525773194,1
1,58.0,4.0,25.0,13.0,1
1,46.03174603174603,3.968253968253968,23.015873015873016,26.984126984126984,1
1,50.0,4.545454545454545,23.636363636363637,21.818181818181817,1
1,41.42857142857143,2.857142857142857,23.571428571428573,32.142857142857146,1
1,55.769230769230774,3.8461538461538463,25.0,15.384615384615385,1
1,45.90163934426229,3.278688524590164,27.868852459016395,22.950819672131146,1
1,45.833333333333336,4.166666666666667,25.833333333333336,24.166666666666668,1
1,49.137931034482754,2.586206896551724,25.86206896551724,22.413793103448274,1
1,42.63565891472869,3.10077519379845,20.930232558139537,33.333333333333336,1
1,45.21739130434783,3.4782608695652173,29.565217391304348,21.73913043478261,1
1,51.181102362204726,3.1496062992125986,18.11023622047244,27.559055118110237,1
1,50.0,4.310344827586206,26.72413793103448,18.96551724137931,1
1,41.22137404580153,2.290076335877863,23.664122137404583,32.824427480916036,1
1,50.892857142857146,5.357142857142858,19.642857142857142,24.107142857142858,1
1,48.24561403508772,4.385964912280701,22.807017543859647,24.561403508771928,1
1,47.15447154471545,3.252032520325203,21.13821138211382,28.455284552845526,1
1,46.66666666666667,2.5,24.166666666666668,26.666666666666668,1
1,43.38235294117647,2.2058823529411766,24.264705882352942,30.147058823529413,1
1,46.51162790697675,3.10077519379845,22.48062015503876,27.906976744186046,1
1,50.42016806722689,3.361344537815126,28.571428571428573,17.647058823529413,1
1,44.96124031007752,3.10077519379845,22.48062015503876,29.457364341085274,1
1,47.540983606557376,3.278688524590164,19.672131147540984,29.508196721311478,1
1,46.15384615384615,4.273504273504273,23.076923076923077,26.495726495726494,1
1,54.86725663716815,4.424778761061948,21.238938053097346,19.469026548672566,1
1,42.98245614035088,3.508771929824561,25.43859649122807,28.07017543859649,1
1,46.774193548387096,3.225806451612903,20.96774193548387,29.032258064516128,1
1,50.427350427350426,3.4188034188034186,28.205128205128204,17.94871794871795,1
1,55.208333333333336,3.125,28.125000000000004,13.541666666666668,1
1,47.45762711864407,4.23728813559322,23.728813559322035,24.576271186440678,1
1,52.83018867924528,2.830188679245283,25.471698113207548,18.867924528301888,1
1,42.028985507246375,3.6231884057971016,25.36231884057971,28.985507246376812,1
1,48.4375,3.125,24.21875,24.21875,1
1,44.18604651162791,3.8759689922480622,23.255813953488374,28.68217054263566,1
1,46.03174603174603,3.1746031746031744,25.396825396825395,25.396825396825395,1
1,50.42016806722689,3.361344537815126,26.050420168067227,20.168067226890756,1
1,53.04347826086956,2.608695652173913,29.565217391304348,14.782608695652174,1
1,51.30434782608695,4.3478260869565215,24.34782608695652,20.0,1
1,52.21238938053098,4.424778761061948,19.469026548672566,23.893805309734514,1
1,49.54954954954955,2.7027027027027026,30.63063063063063,17.117117117117118,1
1,45.58823529411765,2.9411764705882355,24.264705882352942,27.205882352941178,1
1,55.96330275229358,2.7522935779816518,25.688073394495415,15.59633027522936,1
1,45.736434108527135,3.10077519379845,24.031007751937985,27.131782945736436,1
1,48.0,3.2,25.6,23.200000000000003,1
1,43.442622950819676,2.459016393442623,23.770491803278688,30.327868852459016,1
1,50.847457627118644,3.389830508474576,23.728813559322035,22.033898305084744,1
1,40.800000000000004,2.4000000000000004,28.0,28.8,1
1,41.6,2.4000000000000004,25.6,30.400000000000002,1
1,46.875,3.90625,25.0,24.21875,1
1,51.37614678899083,2.7522935779816518,30.275229357798167,15.59633027522936,1
1,44.53781512605042,3.361344537815126,20.168067226890756,31.932773109243698,1
1,44.06779661016949,2.542372881355932,20.338983050847457,33.050847457627114,1
1,47.2,3.2,22.400000000000002,27.200000000000003,1
1,47.747747747747745,3.6036036036036037,26.126126126126128,22.52252252252252,1
1,51.28205128205128,4.273504273504273,21.367521367521366,23.076923076923077,1
1,46.66666666666667,4.166666666666667,27.5,21.666666666666668,1
1,52.63157894736842,2.631578947368421,30.70175438596491,14.035087719298245,1
1,45.86466165413533,3.007518796992481,24.06015037593985,27.06766917293233,1
1,46.721311475409834,3.278688524590164,27.049180327868854,22.950819672131146,1
1,46.846846846846844,3.6036036036036037,36.03603603603604,13.513513513513514,1
1,49.586776859504134,3.3057851239669422,27.272727272727273,19.834710743801654,1
1,52.29357798165138,4.587155963302752,25.688073394495415,17.431192660550458,1
1,54.368932038834956,2.912621359223301,30.097087378640776,12.62135922330097,1
1,44.09448818897638,3.937007874015748,24.40944881889764,27.559055118110237,1
1,46.875,2.34375,21.875,28.90625,1
1,44.71544715447154,3.252032520325203,24.390243902439025,27.642276422764226,1
1,42.857142857142854,3.1746031746031744,25.396825396825395,28.57142857142857,1
1,49.16666666666667,2.5,25.833333333333336,22.5,1
1,52.63157894736842,4.385964912280701,24.561403508771928,18.421052631578945,1
1,54.62962962962963,3.7037037037037037,26.85185185185185,14.814814814814815,1
1,47.540983606557376,4.0983606557377055,25.40983606557377,22.950819672131146,1
1,41.54929577464789,2.112676056338028,28.16901408450704,28.16901408450704,1
1,45.58823529411765,2.9411764705882355,18.38235294117647,33.08823529411765,1
1,44.18604651162791,3.10077519379845,27.131782945736436,25.581395348837212,1
1,47.93388429752066,3.3057851239669422,31.40495867768595,17.355371900826448,1
1,44.285714285714285,3.5714285714285716,21.42857142857143,30.714285714285715,1
1,47.93388429752066,3.3057851239669422,23.140495867768596,25.619834710743802,1
1,49.10714285714286,2.678571428571429,26.78571428571429,21.42857142857143,1
1,46.34146341463415,3.252032520325203,22.764227642276424,27.642276422764226,1
1,50.45871559633028,2.7522935779816518,23.853211009174313,22.93577981651376,1
1,43.47826086956522,3.4782608695652173,25.217391304347824,27.82608695652174,1
1,41.666666666666664,2.2727272727272725,25.757575757575758,30.303030303030305,1
1,43.220338983050844,2.542372881355932,21.1864406779661,33.050847457627114,1
1,51.2,4.0,28.0,16.8,1
1,44.36619718309859,3.52112676056338,22.535211267605632,29.577464788732392,1
1,46.42857142857143,2.857142857142857,22.857142857142858,27.857142857142858,1
1,47.826086956521735,3.4782608695652173,28.695652173913043,20.0,1
1,43.97163120567376,2.8368794326241136,22.69503546099291,30.49645390070922,1
1,45.925925925925924,2.962962962962963,25.185185185185183,25.925925925925924,1
1,44.96124031007752,3.8759689922480622,20.930232558139537,30.232558139534884,1
1,47.24409448818898,3.1496062992125986,24.40944881889764,25.19685039370079,1
1,53.84615384615385,2.564102564102564,31.62393162393162,11.965811965811966,1
1,42.25352112676056,2.816901408450704,26.056338028169012,28.873239436619716,1
1,46.32352941176471,2.9411764705882355,22.058823529411768,28.676470588235297,1
1,40.136054421768705,2.7210884353741496,25.170068027210885,31.972789115646258,1
1,47.96747967479675,3.252032520325203,27.642276422764226,21.13821138211382,1
1,44.852941176470594,2.9411764705882355,26.47058823529412,25.73529411764706,1
1,45.65217391304348,2.898550724637681,21.014492753623188,30.434782608695652,1
1,39.285714285714285,2.142857142857143,26.42857142857143,32.142857142857146,1
1,46.774193548387096,3.225806451612903,29.838709677419352,20.161290322580644,1
1,42.857142857142854,3.007518796992481,27.06766917293233,27.06766917293233,1
2,49.375,1.875,40.0,8.75,2
2,51.388888888888886,2.083333333333333,38.19444444444444,8.333333333333332,2
2,48.0,2.0,40.666666666666664,9.333333333333332,2
2,45.09803921568628,1.9607843137254903,35.947712418300654,16.99346405228758,2
2,42.42424242424242,1.8181818181818183,40.60606060606061,15.151515151515152,2
2,47.05882352941177,2.6143790849673203,33.98692810457516,16.33986928104575,2
2,38.59649122807017,2.3391812865497075,39.1812865497076,19.883040935672515,2
2,45.11278195488722,2.2556390977443606,43.609022556390975,9.022556390977442,2
2,45.98540145985402,2.18978102189781,40.14598540145985,11.678832116788321,2
2,45.51724137931035,2.7586206896551726,38.62068965517241,13.10344827586207,2
2,48.27586206896552,2.7586206896551726,34.48275862068966,14.482758620689657,2
2,40.0,2.5,39.375,18.125,2
2,38.125,2.5,36.875,22.5,2
2,45.890410958904106,2.73972602739726,32.87671232876712,18.493150684931507,2
2,44.05594405594405,2.797202797202797,39.86013986013986,13.286713286713287,2
2,47.88732394366197,2.816901408450704,35.2112676056338,14.08450704225352,2
2,46.09375,3.125,32.8125,17.96875,2
2,46.51162790697675,2.3255813953488373,42.63565891472869,8.527131782945737,2
2,52.38095238095238,2.380952380952381,34.12698412698413,11.11111111111111,2
2,48.81889763779528,2.362204724409449,37.795275590551185,11.023622047244094,2
2,48.739495798319325,3.361344537815126,29.411764705882355,18.487394957983195,2
2,48.031496062992126,2.362204724409449,38.58267716535433,11.023622047244094,2
2,45.51724137931035,2.7586206896551726,39.310344827586206,12.413793103448278,2
2,42.10526315789474,2.6315789473684212,48.026315789473685,7.236842105263158,2
2,39.24050632911393,1.89873417721519,48.734177215189874,10.126582278481013,2
2,41.02564102564103,1.9230769230769234,47.43589743589744,9.615384615384617,2
2,39.62264150943396,2.5157232704402515,37.73584905660377,20.12578616352201,2
2,50.427350427350426,2.564102564102564,34.18803418803419,12.82051282051282,2
2,50.42016806722689,3.361344537815126,27.73109243697479,18.487394957983195,2
2,44.44444444444444,3.1746031746031744,34.92063492063492,17.46031746031746,2
2,45.86466165413533,2.2556390977443606,43.609022556390975,8.270676691729323,2
2,46.45669291338583,2.362204724409449,41.73228346456693,9.448818897637796,2
2,43.47826086956522,2.898550724637681,37.68115942028985,15.942028985507246,2
2,45.66929133858268,3.1496062992125986,37.795275590551185,13.385826771653544,2
2,43.90243902439024,2.4390243902439024,42.27642276422764,11.382113821138212,2
2,43.75,2.34375,42.96875,10.9375,2
2,47.2,3.2,35.2,14.4,2
2,51.30434782608695,2.608695652173913,33.04347826086956,13.043478260869565,2
2,49.16666666666667,2.5,39.16666666666667,9.166666666666668,2
2,51.30434782608695,2.608695652173913,36.52173913043478,9.565217391304348,2
2,49.57983193277311,2.5210084033613445,39.49579831932773,8.403361344537815,2
2,47.107438016528924,2.479338842975207,42.14876033057851,8.264462809917356,2
2,47.5,2.5,42.5,7.5,2
2,45.689655172413794,3.4482758620689653,36.206896551724135,14.655172413793103,2
2,46.721311475409834,2.459016393442623,41.80327868852459,9.01639344262295,2
2,48.85496183206107,2.290076335877863,41.22137404580153,7.633587786259542,2
2,45.833333333333336,2.5,40.833333333333336,10.833333333333334,2
2,47.107438016528924,3.3057851239669422,33.057851239669425,16.528925619834713,2
2,47.96747967479675,2.4390243902439024,39.02439024390244,10.56910569105691,2
2,49.57983193277311,2.5210084033613445,38.65546218487395,9.243697478991598,2
2,47.45762711864407,2.542372881355932,40.67796610169491,9.322033898305085,2
2,46.45669291338583,2.362204724409449,41.73228346456693,9.448818897637796,2
2,44.62809917355372,2.479338842975207,42.14876033057851,10.743801652892563,2
2,42.028985507246375,2.898550724637681,34.78260869565217,20.28985507246377,2
2,35.625,2.5,34.375,27.5,2
2,45.98540145985402,2.18978102189781,43.7956204379562,8.02919708029197,2
2,48.739495798319325,2.5210084033613445,36.97478991596639,11.764705882352942,2
2,46.76258992805755,2.8776978417266186,33.093525179856115,17.26618705035971,2
2,47.107438016528924,2.479338842975207,41.32231404958678,9.090909090909092,2
2,46.774193548387096,2.419354838709677,42.74193548387097,8.064516129032258,2
2,46.400000000000006,2.4000000000000004,42.400000000000006,8.8,2
2,47.93388429752066,2.479338842975207,40.49586776859504,9.090909090909092,2
2,43.80165289256198,2.479338842975207,42.14876033057851,11.570247933884298,2
2,46.61016949152542,2.542372881355932,40.67796610169491,10.169491525423728,2
2,37.33333333333333,2.6666666666666665,37.33333333333333,22.666666666666664,2
2,45.16129032258064,2.419354838709677,38.70967741935483,13.709677419354838,2
2,46.09375,2.34375,42.1875,9.375,2
2,40.0,2.2222222222222223,28.888888888888886,28.888888888888886,2
2,48.387096774193544,2.419354838709677,38.70967741935483,10.483870967741934,2
2,47.5,2.5,42.5,7.5,2
2,47.15447154471545,2.4390243902439024,43.90243902439024,6.504065040650406,2
2,46.49122807017544,2.631578947368421,38.59649122807017,12.280701754385964,2
2,46.66666666666667,2.5,40.0,10.833333333333334,2
2,45.736434108527135,2.3255813953488373,42.63565891472869,9.30232558139535,2
2,45.925925925925924,2.2222222222222223,42.96296296296296,8.88888888888889,2
2,52.06611570247934,2.479338842975207,36.36363636363637,9.090909090909092,2
2,47.69230769230769,2.307692307692308,41.53846153846154,8.461538461538462,2
2,42.48366013071895,2.6143790849673203,33.333333333333336,21.568627450980394,2
2,44.13793103448276,2.7586206896551726,38.62068965517241,14.482758620689657,2
2,44.776119402985074,2.238805970149254,45.5223880597015,7.462686567164179,2
2,44.3609022556391,2.2556390977443606,42.857142857142854,10.526315789473683,2
2,41.49659863945578,2.7210884353741496,36.054421768707485,19.727891156462583,2
2,44.21768707482993,2.7210884353741496,34.69387755102041,18.36734693877551,2
2,44.68085106382979,2.127659574468085,46.09929078014184,7.092198581560284,2
2,43.47826086956522,2.1739130434782608,39.130434782608695,15.217391304347826,2
2,46.28099173553719,2.479338842975207,38.84297520661157,12.396694214876034,2
2,48.031496062992126,2.362204724409449,40.944881889763785,8.661417322834646,2
2,33.333333333333336,1.9230769230769234,33.333333333333336,31.410256410256412,2
2,46.28099173553719,2.479338842975207,41.32231404958678,9.917355371900827,2
2,48.24561403508772,2.631578947368421,40.35087719298245,8.771929824561402,2
2,44.09448818897638,2.362204724409449,42.51968503937008,11.023622047244094,2
2,42.857142857142854,3.1746031746031744,34.92063492063492,19.047619047619047,2
2,44.62809917355372,3.3057851239669422,33.057851239669425,19.00826446280992,2
2,44.09448818897638,3.1496062992125986,31.496062992125985,21.25984251968504,2
2,40.714285714285715,2.857142857142857,31.42857142857143,25.0,2
2,48.41269841269841,2.380952380952381,38.888888888888886,10.317460317460316,2
2,48.41269841269841,3.1746031746031744,26.984126984126984,21.428571428571427,2
2,44.274809160305345,3.053435114503817,38.93129770992367,13.740458015267176,2
2,44.274809160305345,2.290076335877863,43.511450381679396,9.923664122137405,2
2,46.56488549618321,2.290076335877863,41.22137404580153,9.923664122137405,2
2,46.666666666666664,2.962962962962963,34.07407407407407,16.296296296296294,2
2,41.1764705882353,2.9411764705882355,33.82352941176471,22.058823529411768,2
2,44.88188976377953,3.1496062992125986,39.37007874015748,12.598425196850394,2
2,46.45669291338583,3.1496062992125986,35.43307086614173,14.960629921259843,2
2,48.69565217391304,2.608695652173913,38.26086956521739,10.434782608695652,2
2,46.61016949152542,2.542372881355932,41.52542372881356,9.322033898305085,2
2,47.89915966386555,2.5210084033613445,40.33613445378151,9.243697478991598,2
2,45.58823529411765,2.9411764705882355,37.5,13.97058823529412,2
2,41.22137404580153,3.053435114503817,41.98473282442748,13.740458015267176,2
2,45.45454545454545,2.479338842975207,42.97520661157025,9.090909090909092,2
2,40.458015267175576,2.290076335877863,41.98473282442748,15.267175572519085,2
2,44.776119402985074,2.985074626865672,40.29850746268657,11.940298507462687,2
2,47.65625,2.34375,39.84375,10.15625,2
2,46.45669291338583,2.362204724409449,42.51968503937008,8.661417322834646,2
2,46.666666666666664,2.962962962962963,31.11111111111111,19.25925925925926,2
2,48.484848484848484,3.0303030303030303,32.57575757575758,15.909090909090908,2
2,46.56488549618321,2.290076335877863,39.69465648854962,11.450381679389313,2
2,49.137931034482754,2.586206896551724,36.206896551724135,12.068965517241379,2
2,44.3609022556391,3.007518796992481,36.84210526315789,15.789473684210526,2
2,47.45762711864407,2.542372881355932,39.83050847457627,10.169491525423728,2
2,46.21848739495798,2.5210084033613445,41.1764705882353,10.084033613445378,2
2,45.238095238095234,2.380952380952381,40.476190476190474,11.904761904761903,2
2,42.622950819672134,2.459016393442623,44.26229508196722,10.655737704918034,2
2,44.800000000000004,2.4000000000000004,44.0,8.8,2
2,45.04504504504504,2.7027027027027026,39.63963963963964,12.612612612612613,2
2,49.57264957264957,2.564102564102564,37.60683760683761,10.256410256410255,2
2,41.22137404580153,3.053435114503817,37.404580152671755,18.320610687022903,2
2,45.736434108527135,2.3255813953488373,41.86046511627907,10.077519379844961,2
2,46.61016949152542,3.389830508474576,36.440677966101696,13.559322033898304,2
2,45.3125,3.125,39.0625,12.5,2
2,47.41379310344827,2.586206896551724,38.79310344827586,11.206896551724137,2
2,46.268656716417915,2.238805970149254,43.28358208955224,8.208955223880597,2
2,45.614035087719294,2.631578947368421,40.35087719298245,11.403508771929824,2
2,45.80152671755725,2.290076335877863,41.98473282442748,9.923664122137405,2
2,46.03174603174603,2.380952380952381,43.650793650793645,7.936507936507936,2
2,44.354838709677416,2.419354838709677,42.74193548387097,10.483870967741934,2
2,44.53781512605042,2.5210084033613445,40.33613445378151,12.605042016806722,2
2,41.25874125874126,2.097902097902098,46.15384615384615,10.489510489510488,2
2,43.54838709677419,2.419354838709677,38.70967741935483,15.32258064516129,2
2,42.51968503937008,3.1496062992125986,32.28346456692913,22.04724409448819,2
2,40.714285714285715,2.857142857142857,39.285714285714285,17.142857142857142,2
2,38.97058823529412,2.9411764705882355,35.294117647058826,22.794117647058826,2
2,45.45454545454545,2.479338842975207,42.97520661157025,9.090909090909092,2
2,45.3125,2.34375,35.15625,17.1875,2
2,44.927536231884055,2.898550724637681,33.333333333333336,18.840579710144926,2
2,45.65217391304348,3.6231884057971016,31.159420289855074,19.565217391304348,2
2,43.57142857142857,2.857142857142857,35.714285714285715,17.857142857142858,2
2,48.1203007518797,2.2556390977443606,40.6015037593985,9.022556390977442,2
2,46.846846846846844,3.6036036036036037,36.03603603603604,13.513513513513514,2
2,45.238095238095234,2.380952380952381,36.507936507936506,15.873015873015872,2
3,44.44444444444444,3.4722222222222223,31.25,20.833333333333332,3
3,45.16129032258064,4.032258064516129,25.806451612903224,25.0,3
3,40.6015037593985,3.7593984962406015,29.32330827067669,26.31578947368421,3
3,41.08527131782946,3.8759689922480622,31.78294573643411,23.255813953488374,3
3,42.857142857142854,3.7593984962406015,29.32330827067669,24.06015037593985,3
3,41.73228346456693,3.937007874015748,31.496062992125985,22.83464566929134,3
3,39.097744360902254,3.7593984962406015,33.83458646616541,23.308270676691727,3
3,39.69465648854962,3.816793893129771,32.06106870229008,24.427480916030536,3
3,44.91525423728813,4.23728813559322,28.813559322033896,22.033898305084744,3
3,42.98245614035088,3.508771929824561,24.561403508771928,28.94736842105263,3
3,42.5,4.166666666666667,34.16666666666667,19.166666666666668,3
3,44.776119402985074,3.7313432835820897,34.32835820895522,17.16417910447761,3
3,44.91525423728813,4.23728813559322,27.966101694915253,22.881355932203387,3
3,43.58974358974359,4.273504273504273,29.05982905982906,23.076923076923077,3
3,45.299145299145295,4.273504273504273,27.35042735042735,23.076923076923077,3
3,44.53781512605042,4.201680672268908,25.210084033613445,26.050420168067227,3
3,39.31623931623931,4.273504273504273,29.05982905982906,27.35042735042735,3
3,42.592592592592595,4.62962962962963,31.48148148148148,21.296296296296298,3
3,41.269841269841265,3.1746031746031744,29.365079365079364,26.19047619047619,3
3,42.622950819672134,4.0983606557377055,32.786885245901644,20.491803278688526,3
3,36.029411764705884,2.9411764705882355,34.55882352941177,26.47058823529412,3
3,42.97520661157025,4.132231404958678,30.578512396694215,22.31404958677686,3
3,42.5,4.166666666666667,30.833333333333336,22.5,3
3,44.34782608695652,4.3478260869565215,28.695652173913043,22.608695652173914,3
3,42.857142857142854,3.968253968253968,32.53968253968254,20.634920634920633,3
3,39.682539682539684,3.968253968253968,27.777777777777775,28.57142857142857,3
3,40.29850746268657,2.985074626865672,31.343283582089555,25.373134328358212,3
3,42.14876033057851,4.132231404958678,31.40495867768595,22.31404958677686,3
3,45.378151260504204,4.201680672268908,30.252100840336134,20.168067226890756,3
3,41.88034188034188,4.273504273504273,34.18803418803419,19.658119658119656,3
3,42.85714285714286,3.5714285714285716,25.892857142857146,27.67857142857143,3
3,42.622950819672134,3.278688524590164,30.327868852459016,23.770491803278688,3
3,45.535714285714285,4.464285714285714,31.25,18.75,3
3,45.299145299145295,4.273504273504273,29.05982905982906,21.367521367521366,3
3,40.32258064516129,4.032258064516129,25.0,30.64516129032258,3
3,46.2962962962963,4.62962962962963,24.074074074074073,25.0,3
3,45.945945945945944,4.504504504504505,21.62162162162162,27.92792792792793,3
3,49.54954954954955,4.504504504504505,27.92792792792793,18.01801801801802,3
3,44.76190476190476,3.8095238095238093,23.809523809523807,27.619047619047617,3
3,42.5,4.166666666666667,24.166666666666668,29.166666666666668,3
3,46.2962962962963,3.7037037037037037,23.14814814814815,26.85185185185185,3
3,47.706422018348626,4.587155963302752,25.688073394495415,22.018348623853214,3
3,46.49122807017544,4.385964912280701,29.82456140350877,19.298245614035086,3
3,45.283018867924525,3.7735849056603774,29.245283018867926,21.69811320754717,3
3,42.97520661157025,4.132231404958678,28.925619834710744,23.96694214876033,3
3,45.614035087719294,4.385964912280701,27.19298245614035,22.807017543859647,3
3,41.07142857142858,3.5714285714285716,27.67857142857143,27.67857142857143,3
3,48.30508474576271,3.389830508474576,26.271186440677965,22.033898305084744,3
3,46.788990825688074,3.669724770642202,20.18348623853211,29.357798165137616,3
3,49.565217391304344,4.3478260869565215,26.956521739130434,19.130434782608695,3
3,46.728971962616825,3.7383177570093458,23.364485981308412,26.16822429906542,3
3,39.83739837398374,3.252032520325203,31.70731707317073,25.203252032520325,3
3,42.3728813559322,4.23728813559322,33.89830508474576,19.491525423728813,3
3,45.945945945945944,4.504504504504505,27.92792792792793,21.62162162162162,3
3,45.45454545454545,4.545454545454545,27.272727272727273,22.727272727272727,3
3,39.473684210526315,3.508771929824561,28.07017543859649,28.94736842105263,3
3,45.299145299145295,3.4188034188034186,28.205128205128204,23.076923076923077,3
3,43.859649122807014,3.508771929824561,24.561403508771928,28.07017543859649,3
3,48.148148148148145,3.7037037037037037,27.77777777777778,20.37037037037037,3
3,44.82758620689655,4.310344827586206,27.586206896551722,23.275862068965516,3
3,45.13274336283186,3.5398230088495577,28.31858407079646,23.008849557522126,3
3,45.762711864406775,4.23728813559322,30.508474576271183,19.491525423728813,3
3,43.103448275862064,4.310344827586206,30.172413793103445,22.413793103448274,3
3,41.93548387096774,3.225806451612903,33.064516129032256,21.774193548387096,3
3,41.37931034482759,4.310344827586206,30.172413793103445,24.137931034482758,3
3,41.66666666666667,4.166666666666667,35.0,19.166666666666668,3
3,41.93548387096774,3.225806451612903,26.61290322580645,28.2258064516129,3
3,42.400000000000006,3.2,25.6,28.8,3
3,41.93548387096774,4.032258064516129,26.61290322580645,27.419354838709676,3
3,46.15384615384615,4.273504273504273,25.64102564102564,23.931623931623932,3
3,45.21739130434783,4.3478260869565215,27.82608695652174,22.608695652173914,3
3,42.73504273504273,3.4188034188034186,28.205128205128204,25.64102564102564,3
3,43.362831858407084,3.5398230088495577,23.008849557522126,30.08849557522124,3
3,48.214285714285715,3.5714285714285716,27.67857142857143,20.53571428571429,3
