left_zone,right_zone,upper_zone,down_zone
14.541832669322709,35.45816733067729,22.111553784860558,27.888446215139442
27.5,22.5,28.75,21.25
28.35820895522388,21.641791044776117,26.22601279317697,23.773987206823026
24.543946932006634,25.456053067993366,22.802653399668323,27.197346600331674
25.53444180522565,24.465558194774346,25.29691211401425,24.703087885985745
32.608695652173914,17.391304347826086,21.73913043478261,28.26086956521739
33.48729792147806,16.51270207852194,22.28637413394919,27.71362586605081
19.387755102040817,30.612244897959183,26.53061224489796,23.46938775510204
25.87719298245614,24.12280701754386,36.91520467836257,13.084795321637426
32.467532467532465,17.532467532467532,14.378478664192949,35.621521335807046
31.334841628959275,18.665158371040725,20.92760180995475,29.07239819004525
15.31954887218045,34.680451127819545,31.296992481203006,18.70300751879699
22.54575707154742,27.454242928452576,17.387687188019967,32.61231281198003
28.343313373253494,21.656686626746506,28.74251497005988,21.25748502994012
40.09584664536741,9.904153354632587,19.648562300319487,30.35143769968051
27.963272120200333,22.036727879799667,20.36727879799666,29.63272120200334
31.49122807017544,18.50877192982456,14.210526315789473,35.78947368421053
25.246305418719214,24.75369458128079,21.921182266009854,28.07881773399015
16.16257088846881,33.83742911153119,15.02835538752363,34.97164461247637
24.703557312252965,25.296442687747035,18.972332015810277,31.027667984189723
24.746192893401012,25.253807106598984,25.63451776649746,24.365482233502537
28.30188679245283,21.69811320754717,30.29350104821803,19.70649895178197
26.31578947368421,23.684210526315788,28.179824561403507,21.82017543859649
35.374149659863946,14.625850340136056,28.231292517006803,21.7687074829932
26.713709677419352,23.286290322580644,30.544354838709676,19.45564516129032
26.84426229508197,23.15573770491803,20.901639344262296,29.098360655737707
24.82598607888631,25.174013921113687,24.70997679814385,25.290023201856147
26.666666666666668,23.333333333333336,25.555555555555557,24.444444444444446
31.805555555555557,18.194444444444446,34.72222222222222,15.277777777777779
33.2967032967033,16.703296703296704,14.175824175824175,35.824175824175825
26.864035087719298,23.135964912280702,31.469298245614034,18.530701754385962
16.852678571428573,33.14732142857143,28.236607142857146,21.763392857142858
32.06239168110919,17.937608318890817,12.21837088388215,37.781629116117855
24.772727272727273,25.227272727272727,24.659090909090907,25.34090909090909
20.32608695652174,29.67391304347826,20.76086956521739,29.23913043478261
19.57831325301205,30.421686746987955,30.722891566265062,19.27710843373494
32.91984732824428,17.080152671755727,15.267175572519085,34.73282442748092
35.872235872235876,14.127764127764127,26.535626535626538,23.464373464373466
25.395430579964852,24.60456942003515,22.847100175746924,27.152899824253076
32.74193548387097,17.258064516129032,11.209677419354838,38.79032258064516
26.59313725490196,23.40686274509804,22.181372549019606,27.81862745098039
27.16535433070866,22.834645669291337,32.020997375328086,17.979002624671917
26.765375854214124,23.234624145785876,21.184510250569474,28.815489749430522
29.353932584269664,20.64606741573034,30.056179775280903,19.943820224719104
25.820568927789935,24.179431072210065,22.319474835886215,27.680525164113785
16.878980891719745,33.12101910828026,24.309978768577494,25.690021231422506
25.510204081632654,24.48979591836735,21.42857142857143,28.571428571428573
25.164473684210527,24.835526315789476,25.575657894736842,24.42434210526316
28.26086956521739,21.739130434782606,30.27950310559006,19.720496894409937
34.70982142857143,15.290178571428573,26.5625,23.4375
32.64840182648402,17.35159817351598,13.24200913242009,36.757990867579906
26.92307692307692,23.076923076923077,26.17260787992495,23.827392120075046
24.34782608695652,25.652173913043477,18.043478260869566,31.956521739130434
27.966101694915256,22.033898305084747,17.51412429378531,32.48587570621469
38.924050632911396,11.075949367088608,17.721518987341774,32.27848101265823
29.751131221719458,20.248868778280542,27.601809954751133,22.398190045248867
28.26086956521739,21.73913043478261,25.519848771266542,24.480151228733458
27.815315315315317,22.184684684684687,29.954954954954957,20.045045045045047
25.46583850931677,24.534161490683232,14.596273291925467,35.40372670807454
21.875,28.125000000000004,32.29166666666667,17.708333333333336
23.249299719887954,26.750700280112046,34.87394957983194,15.126050420168067
31.47321428571429,18.526785714285715,15.290178571428573,34.70982142857143
26.67464114832536,23.32535885167464,22.00956937799043,27.99043062200957
16.774193548387096,33.225806451612904,30.322580645161292,19.67741935483871
33.30152671755725,16.698473282442748,13.549618320610687,36.45038167938932
28.045685279187815,21.95431472081218,21.44670050761421,28.553299492385786
16.735966735966738,33.264033264033266,15.904365904365905,34.0956340956341
36.286407766990294,13.71359223300971,27.9126213592233,22.0873786407767
24.37641723356009,25.62358276643991,25.62358276643991,24.37641723356009
25.791139240506332,24.20886075949367,17.484177215189874,32.515822784810126
30.605381165919283,19.394618834080717,25.22421524663677,24.77578475336323
26.546391752577318,23.45360824742268,29.768041237113398,20.231958762886595
36.86131386861314,13.138686131386862,26.277372262773724,23.72262773722628
34.93975903614458,15.060240963855422,26.626506024096386,23.373493975903614
30.10989010989011,19.89010989010989,16.593406593406595,33.40659340659341
39.562289562289564,10.437710437710438,27.609427609427613,22.39057239057239
23.52245862884161,26.477541371158395,25.29550827423168,24.70449172576832
22.043010752688172,27.956989247311824,20.96774193548387,29.032258064516128
18.467741935483872,31.532258064516128,33.225806451612904,16.774193548387096
31.52804642166344,18.471953578336556,16.150870406189554,33.849129593810446
24.62825278810409,25.371747211895908,34.479553903345725,15.520446096654274
25.0,25.0,22.807017543859647,27.19298245614035
27.80821917808219,22.191780821917806,30.273972602739725,19.726027397260275
15.021459227467812,34.97854077253219,30.793991416309012,19.206008583690988
34.018264840182646,15.981735159817351,26.36986301369863,23.63013698630137
25.22935779816514,24.770642201834864,22.93577981651376,27.06422018348624
27.424242424242426,22.575757575757578,30.606060606060606,19.393939393939394
28.43137254901961,21.568627450980394,31.535947712418302,18.4640522875817
24.760765550239235,25.239234449760765,22.00956937799043,27.99043062200957
31.53153153153153,18.46846846846847,22.52252252252252,27.47747747747748
23.730964467005073,26.269035532994923,23.98477157360406,26.015228426395936
23.473282442748094,26.52671755725191,25.8587786259542,24.141221374045802
25.97402597402597,24.025974025974023,32.72727272727273,17.27272727272727
38.37837837837838,11.621621621621623,19.054054054054056,30.945945945945947
31.0752688172043,18.9247311827957,18.172043010752688,31.827956989247312
28.285714285714285,21.71428571428571,29.428571428571427,20.57142857142857
34.226190476190474,15.773809523809524,17.261904761904763,32.73809523809524
41.137123745819395,8.862876254180602,26.421404682274247,23.578595317725753
20.91346153846154,29.086538461538463,17.548076923076923,32.45192307692308
28.349282296650717,21.650717703349283,22.00956937799043,27.99043062200957
14.780600461893764,35.21939953810623,30.946882217090067,19.05311778290993
23.728813559322035,26.271186440677965,17.796610169491526,32.20338983050847
21.280991735537192,28.71900826446281,25.516528925619834,24.483471074380166
31.25,18.75,25.0,25.0
23.5,26.5,20.8,29.200000000000003
26.666666666666668,23.333333333333336,22.22222222222222,27.77777777777778
18.170103092783503,31.82989690721649,35.567010309278345,14.432989690721648
21.70212765957447,28.29787234042553,22.4468085106383,27.5531914893617
25.682382133995038,24.317617866004962,25.806451612903228,24.193548387096776
22.818791946308725,27.181208053691275,28.02013422818792,21.979865771812083
31.34328358208955,18.656716417910445,26.759061833688698,23.2409381663113
25.58139534883721,24.41860465116279,31.162790697674417,18.837209302325583
32.87292817679558,17.12707182320442,13.996316758747698,36.003683241252304
33.333333333333336,16.666666666666668,28.205128205128208,21.794871794871796
32.61617900172117,17.38382099827883,13.855421686746988,36.14457831325301
27.9126213592233,22.0873786407767,20.631067961165048,29.368932038834952
27.05696202531646,22.943037974683545,30.37974683544304,19.620253164556964
27.28395061728395,22.716049382716047,20.493827160493826,29.50617283950617
23.948220064724918,26.05177993527508,30.582524271844658,19.41747572815534
23.420479302832245,26.57952069716776,21.895424836601308,28.104575163398696
27.89699570815451,22.103004291845494,20.600858369098713,29.39914163090129
24.46808510638298,25.53191489361702,21.27659574468085,28.72340425531915
24.11764705882353,25.88235294117647,22.941176470588236,27.058823529411764
26.315789473684212,23.68421052631579,23.68421052631579,26.315789473684212
26.006441223832528,23.993558776167472,25.201288244766506,24.798711755233494
25.653206650831354,24.346793349168646,19.477434679334916,30.52256532066508
37.30407523510972,12.695924764890282,20.689655172413794,29.31034482758621
27.507163323782233,22.492836676217763,30.515759312320917,19.484240687679083
26.608187134502923,23.391812865497073,27.97270955165692,22.027290448343077
17.214912280701753,32.78508771929825,28.07017543859649,21.929824561403507
30.76923076923077,19.230769230769234,19.615384615384617,30.384615384615387
25.0,25.0,26.47058823529412,23.529411764705884
31.368821292775664,18.631178707224333,24.334600760456272,25.665399239543724
27.167019027484145,22.832980972515855,28.75264270613108,21.247357293868923
25.22421524663677,24.77578475336323,22.19730941704036,27.80269058295964
21.03321033210332,28.96678966789668,25.645756457564577,24.354243542435423
28.625235404896422,21.374764595103578,23.91713747645951,26.082862523540488
31.9047619047619,18.095238095238095,34.285714285714285,15.714285714285714
33.333333333333336,16.666666666666668,28.78787878787879,21.21212121212121
16.666666666666668,33.333333333333336,35.54572271386431,14.454277286135692
31.995133819951338,18.004866180048662,14.963503649635037,35.03649635036496
32.74647887323943,17.25352112676056,20.070422535211264,29.92957746478873
23.67758186397985,26.32241813602015,22.292191435768263,27.707808564231737
20.61611374407583,29.38388625592417,22.03791469194313,27.96208530805687
23.726541554959788,26.273458445040216,25.335120643431637,24.664879356568367
24.526515151515152,25.473484848484848,21.117424242424242,28.882575757575758
22.11934156378601,27.88065843621399,21.090534979423868,28.909465020576132
35.02747252747253,14.972527472527474,25.824175824175825,24.17582417582418
40.42145593869732,9.578544061302683,19.157088122605366,30.842911877394638
25.764705882352942,24.235294117647058,24.588235294117645,25.41176470588235
26.750700280112046,23.249299719887954,29.551820728291318,20.448179271708685
19.20583468395462,30.794165316045383,30.956239870340358,19.043760129659645
27.810650887573967,22.189349112426036,28.106508875739646,21.893491124260358
32.783018867924525,17.21698113207547,15.723270440251572,34.276729559748425
27.200902934537247,22.799097065462753,21.557562076749434,28.442437923250566
28.153846153846157,21.846153846153847,31.230769230769234,18.76923076923077
26.05790645879733,23.942093541202674,24.832962138084635,25.167037861915368
26.911764705882355,23.08823529411765,30.0,20.0
22.597137014314928,27.402862985685072,21.983640081799592,28.016359918200408
24.46808510638298,25.53191489361702,22.340425531914892,27.659574468085104
