horizontal_w_to_b,horizontal_b_to_w,vertical_w_to_b,vertical_b_to_w
53.65853658536585,4.878048780487805,25.609756097560975,15.853658536585366
47.61904761904762,9.523809523809524,23.80952380952381,19.047619047619047
48.86363636363637,4.545454545454546,28.40909090909091,18.181818181818183
45.833333333333336,8.333333333333334,25.0,20.833333333333336
52.8735632183908,3.4482758620689653,33.33333333333333,10.344827586206897
45.65217391304348,3.260869565217391,35.869565217391305,15.217391304347824
39.285714285714285,7.142857142857143,25.0,28.571428571428573
47.252747252747255,5.4945054945054945,31.868131868131872,15.384615384615387
38.392857142857146,3.5714285714285716,32.142857142857146,25.892857142857146
39.130434782608695,8.695652173913043,30.43478260869565,21.73913043478261
54.02298850574712,3.4482758620689653,33.33333333333333,9.195402298850574
62.96296296296296,3.7037037037037033,18.51851851851852,14.814814814814813
40.74074074074074,7.407407407407407,25.925925925925927,25.925925925925927
44.0,4.0,37.0,15.0
43.13725490196078,2.941176470588235,40.19607843137255,13.72549019607843
40.0,8.0,28.0,24.0
46.55172413793103,4.310344827586206,27.586206896551722,21.551724137931032
51.61290322580645,4.838709677419354,19.354838709677416,24.193548387096772
61.53846153846154,5.769230769230769,9.615384615384615,23.076923076923077
46.57534246575342,2.73972602739726,20.54794520547945,30.136986301369863
41.23711340206185,3.092783505154639,27.83505154639175,27.83505154639175
40.17857142857143,4.464285714285714,27.67857142857143,27.67857142857143
43.47826086956522,8.695652173913043,17.391304347826086,30.43478260869565
48.75,3.75,26.25,21.25
57.407407407407405,3.7037037037037037,9.25925925925926,29.62962962962963
46.666666666666664,2.6666666666666665,24.0,26.666666666666664
46.25,3.75,26.25,23.75
54.310344827586206,3.4482758620689653,18.103448275862068,24.137931034482758
58.51063829787234,2.127659574468085,13.829787234042552,25.53191489361702
70.12987012987013,3.896103896103896,9.09090909090909,16.883116883116884
50.81967213114754,6.557377049180328,21.311475409836067,21.311475409836067
60.714285714285715,5.357142857142858,10.714285714285715,23.214285714285715
54.78260869565217,3.4782608695652173,20.869565217391305,20.869565217391305
55.208333333333336,2.0833333333333335,13.541666666666668,29.166666666666668
66.66666666666667,4.166666666666667,8.333333333333334,20.833333333333336
56.36363636363636,7.2727272727272725,7.2727272727272725,29.09090909090909
69.87951807228916,2.4096385542168677,6.024096385542169,21.68674698795181
75.34246575342465,2.73972602739726,9.58904109589041,12.32876712328767
47.36842105263158,2.6315789473684212,22.368421052631582,27.631578947368425
58.18181818181818,1.8181818181818181,21.818181818181817,18.18181818181818
54.6875,3.125,17.1875,25.0
64.15094339622641,3.7735849056603774,7.547169811320755,24.528301886792452
54.16666666666667,2.0833333333333335,13.541666666666668,30.208333333333336
61.25,3.75,20.0,15.0
40.0,6.666666666666667,26.666666666666668,26.666666666666668
51.61290322580645,3.225806451612903,17.741935483870968,27.419354838709676
72.94117647058823,2.3529411764705883,11.764705882352942,12.941176470588236
50.0,3.0303030303030303,22.727272727272727,24.242424242424242
58.333333333333336,2.380952380952381,11.904761904761905,27.38095238095238
70.1492537313433,4.477611940298508,7.462686567164179,17.910447761194032
49.25373134328358,2.985074626865672,20.895522388059703,26.865671641791046
37.234042553191486,3.1914893617021276,25.53191489361702,34.04255319148936
42.71844660194175,3.883495145631068,36.89320388349515,16.50485436893204
42.30769230769231,7.6923076923076925,26.923076923076923,23.076923076923077
53.96825396825397,6.349206349206349,7.936507936507936,31.746031746031743
58.8235294117647,5.88235294117647,13.72549019607843,21.56862745098039
65.90909090909092,4.545454545454546,11.363636363636365,18.181818181818183
47.76119402985075,2.985074626865672,16.417910447761194,32.83582089552239
46.666666666666664,4.0,21.333333333333332,28.0
76.81159420289855,2.898550724637681,8.695652173913043,11.594202898550725
81.25,3.125,6.25,9.375
59.78260869565217,2.1739130434782608,13.043478260869565,25.0
78.57142857142857,2.857142857142857,10.0,8.571428571428571
50.746268656716424,5.970149253731344,22.388059701492537,20.895522388059703
45.26315789473684,4.2105263157894735,24.210526315789473,26.31578947368421
48.684210526315795,3.947368421052632,22.368421052631582,25.0
54.09836065573771,3.278688524590164,21.311475409836067,21.311475409836067
53.2258064516129,3.225806451612903,20.96774193548387,22.58064516129032
60.34482758620689,5.172413793103448,10.344827586206897,24.137931034482758
55.38461538461539,6.153846153846154,21.53846153846154,16.923076923076923
42.15686274509804,2.941176470588235,18.627450980392155,36.27450980392157
44.927536231884055,4.3478260869565215,21.73913043478261,28.985507246376812
52.38095238095238,6.349206349206349,12.698412698412698,28.57142857142857
55.6701030927835,3.092783505154639,25.773195876288657,15.463917525773194
52.63157894736842,5.263157894736842,7.017543859649122,35.08771929824561
74.6268656716418,2.985074626865672,8.955223880597016,13.432835820895523
52.22222222222222,2.2222222222222223,26.666666666666668,18.88888888888889
42.85714285714286,7.142857142857143,28.571428571428573,21.42857142857143
48.23529411764706,3.5294117647058822,21.176470588235293,27.058823529411764
34.48275862068965,6.896551724137931,31.034482758620687,27.586206896551722
63.44086021505376,2.150537634408602,8.602150537634408,25.806451612903224
47.88732394366197,4.225352112676056,18.309859154929576,29.577464788732392
76.71232876712328,2.73972602739726,8.21917808219178,12.32876712328767
52.94117647058824,4.411764705882353,19.11764705882353,23.529411764705884
67.39130434782608,4.3478260869565215,8.695652173913043,19.565217391304348
49.2063492063492,3.1746031746031744,23.809523809523807,23.809523809523807
44.871794871794876,2.5641025641025643,21.794871794871796,30.769230769230774
67.41573033707866,2.247191011235955,8.98876404494382,21.348314606741575
39.285714285714285,7.142857142857143,25.0,28.571428571428573
54.54545454545455,2.0202020202020203,28.282828282828284,15.151515151515152
52.54237288135593,5.084745762711864,10.169491525423728,32.20338983050847
71.21212121212122,3.0303030303030303,12.121212121212121,13.636363636363637
74.6268656716418,2.985074626865672,8.955223880597016,13.432835820895523
44.565217391304344,5.434782608695652,28.26086956521739,21.73913043478261
37.93103448275862,6.896551724137931,31.034482758620687,24.137931034482758
47.43589743589744,3.8461538461538467,23.07692307692308,25.641025641025642
42.85714285714286,7.142857142857143,25.0,25.0
68.9655172413793,2.2988505747126435,6.896551724137931,21.839080459770113
44.44444444444444,2.7777777777777777,22.22222222222222,30.555555555555554
58.58585858585859,2.0202020202020203,24.242424242424242,15.151515151515152
50.72463768115942,5.797101449275362,26.08695652173913,17.391304347826086
49.23076923076923,3.076923076923077,27.692307692307693,20.0
48.387096774193544,3.225806451612903,24.193548387096772,24.193548387096772
53.96825396825397,6.349206349206349,7.936507936507936,31.746031746031743
62.36559139784946,2.150537634408602,10.75268817204301,24.731182795698924
40.0,6.666666666666667,26.666666666666668,26.666666666666668
